"","SampleId","Purity_ABS","Ploidy_ABS","Purity_tumor_only","Ploidy_tumor_only","Purity_matching_normal","Ploidy_matching_normal"
"4","TCGA-04-1347-01",0.94,4.29,0.85,4.19186485252538,0.85,4.19186485252538
"11","TCGA-04-1371-01",0.89,3,0.81,3.0606056711349,0.81,3.0606056711349
"25","TCGA-09-2050-01",0.96,1.75,0.93,1.75303684271155,0.93,1.75303684271155
"34","TCGA-13-0757-01",0.77,4.01,0.71,3.89963203727523,0.71,3.89963203727523
"38","TCGA-13-0800-01",0.8,3.59,0.72,3.6649836675359,0.72,3.6649836675359
"49","TCGA-13-1477-01",0.91,2.07,0.75,2.07361074915945,0.75,2.07361074915945
"50","TCGA-13-1487-01",0.85,2.68,0.82,2.5816356656737,0.82,2.5816356656737
"52","TCGA-13-1492-01",0.99,1.79,0.93,1.79265194689798,0.93,1.79265194689798
"54","TCGA-13-1505-01",0.87,1.92,0.73,3.69537880454571,0.73,3.69537880454571
"62","TCGA-23-1022-01",0.89,3,0.86,2.94865320419238,0.86,2.94865320419238
"68","TCGA-23-1110-01",0.97,3.12,0.9,3.10118757810795,0.9,3.10118757810795
"93","TCGA-24-2019-01",0.85,2.91,0.72,3.00775194516034,0.72,3.00775194516034
"96","TCGA-24-2030-01",0.86,3.05,0.79,2.91943066194816,0.79,2.91943066194816
"97","TCGA-24-2033-01",0.82,3.32,0.77,3.22311962862186,0.77,3.22311962862186
"98","TCGA-24-2036-01",0.94,1.91,0.9,1.91636799945411,0.9,1.91636799945411
"99","TCGA-24-2260-01",0.84,3.15,0.78,3.17605682967589,0.78,3.17605682967589
"100","TCGA-24-2295-01",0.89,4.45,0.95,4.53383927836143,0.95,4.53383927836143
"107","TCGA-25-1319-01",0.89,3.34,0.86,3.42428241976555,0.86,3.42428241976555
"116","TCGA-25-2393-01",0.84,2.88,0.81,2.97899901363068,0.81,2.97899901363068
"117","TCGA-25-2400-01",0.83,3.72,0.72,4.05279519472174,0.72,4.05279519472174
"132","TCGA-30-1853-01",1,2.58,0.92,2.52491197773732,0.92,2.52491197773732
"147","TCGA-57-1992-01",0.87,1.65,0.67,3.23849326612524,0.67,3.23849326612524
"148","TCGA-57-1993-01",0.82,4.12,0.71,4.27540644650021,0.71,4.27540644650021
"149","TCGA-59-2350-01",0.84,1.71,0.83,1.68266777184634,0.83,1.68266777184634
"150","TCGA-59-2352-01",0.67,3.59,0.64,3.5663347216553,0.64,3.5663347216553
"151","TCGA-59-2363-01",0.92,1.73,0.9,1.69254125754375,0.9,1.69254125754375
"159","TCGA-61-2088-01",0.93,3.21,0.87,3.29072995129647,0.87,3.29072995129647
"160","TCGA-61-2092-01",0.93,2.08,0.26,2.05386894281481,0.26,2.05386894281481
"161","TCGA-61-2096-01",0.91,1.86,0.87,1.81679216527818,0.87,1.81679216527818
"162","TCGA-61-2098-01",0.85,3.34,0.79,3.2531348189684,0.79,3.2531348189684
"163","TCGA-61-2102-01",0.92,2.57,0.85,2.65596334604237,0.85,2.65596334604237
"164","TCGA-61-2111-01",NA,NA,0.51,3.41012969052446,0.51,3.41012969052446
"165","TCGA-04-1332-01",0.5,2.76,0.32,2.49867941257764,0.32,2.49867941257764
"168","TCGA-04-1343-01",0.61,3.11,0.56,3.07033279115721,0.56,3.07033279115721
"180","TCGA-13-1411-01",0.39,2.89,0.39,2.9289114489939,0.39,2.9289114489939
"181","TCGA-13-1412-01",0.69,2.06,0.65,2.06465733531698,0.65,2.06465733531698
"195","TCGA-23-1117-01",0.69,3.31,0.61,3.39269459745363,0.61,3.39269459745363
"196","TCGA-23-2078-01",0.6,1.98,0.67,3.00418568995954,0.67,3.00418568995954
"214","TCGA-24-2035-01",0.61,1.98,0.61,1.94526161878793,0.61,1.94526161878793
"215","TCGA-24-2280-01",0.59,3.56,0.53,3.53590901006107,0.53,3.53590901006107
"216","TCGA-24-2289-01",0.61,2.54,0.59,2.50925131006267,0.59,2.50925131006267
"217","TCGA-24-2293-01",0.39,2.81,0.55,2.5740738257325,0.55,2.5740738257325
"218","TCGA-24-2298-01",0.72,2.69,0.72,2.58661622905576,0.72,2.58661622905576
"226","TCGA-25-2042-01",0.5,1.88,0.51,2.8569556459839,0.51,2.8569556459839
"227","TCGA-25-2398-01",0.6,4.21,0.57,4.10804040515669,0.57,4.10804040515669
"228","TCGA-25-2398-01",0.6,4.21,0.57,4.10804040515669,0.56,4.1537630005883
"229","TCGA-25-2398-01",0.6,4.21,0.56,4.1537630005883,0.57,4.10804040515669
"230","TCGA-25-2398-01",0.6,4.21,0.56,4.1537630005883,0.56,4.1537630005883
"231","TCGA-25-2401-01",0.62,1.93,0.59,1.92308483265253,0.59,1.92308483265253
"232","TCGA-25-2404-01",0.63,3.04,0.59,3.07020480945672,0.59,3.07020480945672
"233","TCGA-25-2408-01",0.79,1.98,0.78,1.99496256166525,0.78,1.99496256166525
"248","TCGA-30-1862-01",0.73,2.51,0.68,2.46686418213225,0.68,2.46686418213225
"250","TCGA-30-1891-01",0.78,1.86,0.72,1.83326742954018,0.72,1.83326742954018
"254","TCGA-31-1959-01",0.66,1.58,0.4,3.18657948063945,0.4,3.18657948063945
"263","TCGA-59-2354-01",0.64,1.84,0.64,1.84750360913619,0.64,1.84750360913619
"266","TCGA-61-1919-01",0.66,2.91,0.5,2.87013085773987,0.5,2.87013085773987
"267","TCGA-61-1998-01",0.72,1.95,0.39,2.73732702418243,0.39,2.73732702418243
"268","TCGA-61-2003-01",0.47,3.66,0.44,3.58720224923061,0.44,3.58720224923061
"269","TCGA-61-2009-01",0.57,3.58,0.52,3.38908567240979,0.52,3.38908567240979
"270","TCGA-61-2113-01",0.49,4.63,0.48,2.42861767848277,0.48,2.42861767848277
"274","TCGA-04-1335-01",0.77,1.83,0.62,1.85921762408168,0.62,1.85921762408168
"275","TCGA-04-1349-01",0.76,3.39,0.71,3.32673767528835,0.71,3.32673767528835
"276","TCGA-04-1361-01",0.69,1.95,0.69,1.91159460148247,0.69,1.91159460148247
"277","TCGA-04-1362-01",0.86,3.15,0.8,3.14582759086451,0.8,3.14582759086451
"290","TCGA-09-2043-01",0.88,2.31,0.82,2.30864965427449,0.82,2.30864965427449
"291","TCGA-09-2045-01",0.92,2.05,0.89,2.027517146594,0.89,2.027517146594
"293","TCGA-10-0931-01",0.9,1.99,0.83,2.01547986416648,0.83,2.01547986416648
"294","TCGA-10-0934-01",0.91,2.02,0.86,2.02187628123285,0.86,2.02187628123285
"302","TCGA-13-0751-01",0.93,2.84,0.91,2.80752832415024,0.91,2.80752832415024
"303","TCGA-13-0755-01",0.84,1.87,0.83,1.87818488907475,0.83,1.87818488907475
"306","TCGA-13-0791-01",0.89,2.12,0.79,4.28978861804036,0.79,4.28978861804036
"309","TCGA-13-0804-01",0.86,1.81,0.82,1.80838147652954,0.82,1.80838147652954
"319","TCGA-13-1403-01",0.93,2.08,0.88,2.06127233061349,0.88,2.06127233061349
"324","TCGA-13-1500-01",0.74,1.86,0.74,1.87273698394391,0.74,1.87273698394391
"325","TCGA-13-1510-01",0.89,1.96,0.81,3.84507681685039,0.81,3.84507681685039
"328","TCGA-20-0996-01",NA,NA,0.15,1.89434585544207,0.15,1.89434585544207
"332","TCGA-23-1118-01",0.79,1.84,0.51,5.08126496534309,0.51,5.08126496534309
"333","TCGA-23-1124-01",0.76,3.28,0.73,3.30808010499761,0.73,3.30808010499761
"334","TCGA-23-2072-01",0.81,2.69,0.78,2.70138366154766,0.78,2.70138366154766
"335","TCGA-23-2081-01",0.91,1.87,0.8,1.83142524583486,0.8,1.83142524583486
"344","TCGA-24-1431-01",0.9,2.81,0.86,2.70762140954463,0.86,2.70762140954463
"347","TCGA-24-1467-01",0.77,3.98,0.76,4.00500929549585,0.76,4.00500929549585
"354","TCGA-24-2024-01",0.91,1.79,0.85,1.75852361148133,0.85,1.75852361148133
"355","TCGA-24-2038-01",0.97,2.22,0.91,2.20274077900559,0.91,2.20274077900559
"356","TCGA-24-2254-01",0.81,1.72,0.78,1.74921891951197,0.78,1.74921891951197
"357","TCGA-24-2271-01",0.68,1.88,0.68,1.86553222817314,0.68,1.86553222817314
"361","TCGA-25-2397-01",0.91,1.98,0.87,1.96502525640998,0.87,1.96502525640998
"362","TCGA-25-2397-01",0.91,1.98,0.87,1.96502525640998,0.88,1.96661381516071
"363","TCGA-25-2397-01",0.91,1.98,0.88,1.96661381516071,0.87,1.96502525640998
"364","TCGA-25-2397-01",0.91,1.98,0.88,1.96661381516071,0.88,1.96661381516071
"365","TCGA-25-2409-01",0.72,3.79,0.7,3.81376811972018,0.7,3.81376811972018
"378","TCGA-59-2355-01",0.79,1.85,0.73,1.88436453479082,0.73,1.88436453479082
"379","TCGA-61-1728-01",0.86,3.53,0.39,3.21255967028143,0.39,3.21255967028143
"382","TCGA-61-2008-01",0.78,3.13,0.69,3.08377094981141,0.69,3.08377094981141
"383","TCGA-61-2017-01",0.88,1.98,0.55,2.96053555280792,0.55,2.96053555280792
"385","TCGA-61-2097-01",0.61,3.2,0.56,3.26259625277538,0.56,3.26259625277538
"386","TCGA-61-2101-01",0.82,3.23,0.79,3.1246632155013,0.79,3.1246632155013
"387","TCGA-61-2109-01",0.91,1.91,0.87,1.89921296264259,0.87,1.89921296264259
"388","TCGA-61-2110-01",0.86,1.79,0.53,2.58002981129694,0.53,2.58002981129694
"389","TCGA-04-1336-01",0.92,1.86,0.89,1.78904963942807,0.89,1.78904963942807
"390","TCGA-04-1346-01",0.54,3.4,0.52,3.28537438904576,0.52,3.28537438904576
"391","TCGA-04-1348-01",0.76,1.93,0.72,1.92446590546945,0.72,1.92446590546945
"399","TCGA-09-2051-01",0.74,3.04,0.63,3.54511166447542,0.63,3.54511166447542
"403","TCGA-13-0760-01",0.81,2.68,0.77,2.77307725293,0.77,2.77307725293
"406","TCGA-13-0795-01",0.48,3.74,0.46,3.8212691936238,0.46,3.8212691936238
"419","TCGA-13-2060-01",0.65,3.38,0.58,3.30366611411943,0.58,3.30366611411943
"423","TCGA-20-0991-01",0.53,3.59,0.51,3.51773612578585,0.51,3.51773612578585
"425","TCGA-23-1123-01",0.8,2.93,0.78,2.95262581630622,0.78,2.95262581630622
"426","TCGA-23-2077-01",0.47,6.14,0.56,2.83384617721324,0.56,2.83384617721324
"427","TCGA-23-2079-01",0.79,2.51,0.75,2.46614721084547,0.75,2.46614721084547
"428","TCGA-23-2084-01",0.69,3.25,0.75,2.77407302663873,0.75,2.77407302663873
"446","TCGA-24-1927-01",0.82,1.91,0.73,1.907472145364,0.73,1.907472145364
"447","TCGA-24-1930-01",0.66,2.97,0.6,2.90777243385555,0.6,2.90777243385555
"449","TCGA-24-2026-01",0.76,5.1,0.69,4.90730632741614,0.69,4.90730632741614
"450","TCGA-24-2261-01",0.74,2.77,0.68,2.84969896631562,0.68,2.84969896631562
"451","TCGA-24-2262-01",0.7,2.02,0.75,1.98017231599568,0.75,1.98017231599568
"452","TCGA-24-2267-01",0.57,2.84,0.56,2.93194745580578,0.56,2.93194745580578
"453","TCGA-24-2281-01",0.5,3.4,0.5,3.62762901280855,0.5,3.62762901280855
"454","TCGA-24-2288-01",0.52,4.47,0.61,3.02042039790774,0.61,3.02042039790774
"455","TCGA-24-2290-01",0.81,3.66,0.75,3.61889487790325,0.75,3.61889487790325
"460","TCGA-25-2391-01",0.88,1.87,0.85,1.81781852779725,0.85,1.81781852779725
"461","TCGA-25-2392-01",0.59,4.71,0.64,4.64358039663623,0.64,4.64358039663623
"462","TCGA-25-2396-01",0.86,3.07,0.8,3.15743858849656,0.8,3.15743858849656
"463","TCGA-25-2396-01",0.86,3.07,0.8,3.15743858849656,0.81,3.16816577508027
"464","TCGA-25-2396-01",0.86,3.07,0.81,3.16816577508027,0.8,3.15743858849656
"465","TCGA-25-2396-01",0.86,3.07,0.81,3.16816577508027,0.81,3.16816577508027
"466","TCGA-25-2399-01",0.84,1.94,0.76,1.90771351056389,0.76,1.90771351056389
"479","TCGA-29-2427-01",0.69,1.8,0.71,1.80465586496932,0.71,1.80465586496932
"480","TCGA-29-2428-01",0.78,3.17,0.78,3.09476809647608,0.78,3.09476809647608
"487","TCGA-31-1950-01",0.48,3.13,0.34,3.00481077381942,0.34,3.00481077381942
"488","TCGA-31-1953-01",0.64,3.77,0.58,3.64587574533231,0.58,3.64587574533231
"503","TCGA-57-1994-01",0.75,3.29,0.6,3.49715188341775,0.6,3.49715188341775
"504","TCGA-59-2348-01",0.63,3.41,0.62,3.29137054462711,0.62,3.29137054462711
"505","TCGA-59-2348-01",0.63,3.41,0.62,3.29137054462711,0.68,3.33659923293227
"506","TCGA-59-2348-01",0.63,3.41,0.68,3.33659923293227,0.62,3.29137054462711
"507","TCGA-59-2348-01",0.63,3.41,0.68,3.33659923293227,0.68,3.33659923293227
"508","TCGA-59-2349-01",NA,NA,0.41,2.05560288635129,0.41,2.05560288635129
"509","TCGA-59-2351-01",0.5,3,0.51,2.97710470877177,0.51,2.97710470877177
"511","TCGA-61-1724-01",0.87,1.76,0.74,3.47857015169684,0.74,3.47857015169684
"526","TCGA-61-1995-01",0.83,1.68,0.8,1.64283880954785,0.8,1.64283880954785
"527","TCGA-61-2000-01",0.92,2.15,0.6,3.03289762080493,0.6,3.03289762080493
"528","TCGA-61-2002-01",0.69,1.92,0.66,1.88884137533482,0.66,1.88884137533482
"529","TCGA-61-2012-01",0.58,2.9,0.61,2.84958308551437,0.61,2.84958308551437
"530","TCGA-61-2016-01",0.88,1.74,0.82,1.70675922113004,0.82,1.70675922113004
"531","TCGA-61-2018-01",0.75,1.9,0.6,1.86193485830172,0.6,1.86193485830172
"532","TCGA-61-2087-01",0.93,1.82,0.9,1.85059321900055,0.9,1.85059321900055
"533","TCGA-61-2094-01",0.6,1.79,0.37,3.48355490013217,0.37,3.48355490013217
"534","TCGA-61-2104-01",0.75,3.05,0.73,2.95047151272159,0.73,2.95047151272159
