Bulk_2	X1_C01	X1_C02	X1_C03	X1_C08	X1_C15	X1_C17	X1_C18	X1_C19	X1_C22	X1_C23	X1_C27	X1_C29	X1_C30	X1_C31	X1_C34	X1_C37	X1_C38	X1_C40	X1_C41	X1_C42	X1_C49	X1_C51	X1_C61	X1_C65	X1_C67	X1_C75	X1_C81	X2_C03	X2_C05	X2_C06	X2_C07	X2_C10	X2_C14	X2_C15	X2_C16	X2_C18	X2_C19	X2_C21	X2_C22	X2_C23	X2_C25	X2_C27	X2_C29	X2_C34	X2_C42	X2_C49	X2_C51	X2_C53	X2_C55	X2_C56	X2_C57	X2_C59	X2_C63	X2_C64	X2_C67	X2_C69	X2_C70	X2_C71	X2_C72	X2_C73	X2_C74	X2_C75	X2_C79	X2_C86	X2_C87	X2_C95
10062	2.37	0	0	0	0	0	0	0	0	0	0	0	0	0	0	0	0	0	0	0	0	0	197.02	0	0	0	0	0	0	0	0	0	0	0	0	0	0	0	0	0	0	0	0	0	0	0	0	0	0	0	0	0	0	0	406.65	0	0	0	0	0	0	0	0	0	0	0	0
10085	5.51	0	354.31	0	0	4.28	0	0	0	0	0	0	0	101.92	0	0	0	0	0	0	0	193.15	0	0	6.96	0	0	0	0	0	0	0	0	0	0	0	0.54	113.45	0	0	0	0	269.9	0	55.2	0	0	0	0	0	780.1	0	0	0	0	28.99	0	0	0	0	0	0	0	0	0	0	0
1009	60.05	0	0.26	0	0	59.35	0.69	0	0	0	0	0	0	580.86	0	0	0	0	0	53.04	0	0	0	0	47.33	0	0	0	156.62	0	0	0.24	98.98	0	0	0	0	0	16.02	158.71	0	0	193.17	0	0	0	1.35	0	333.2	0	200.9	0	0	0	62.73	136.85	0	0	72.11	0	0	0	185.76	0	0.09	0	0
10137	15.54	0	0	0	1.3	0	0	0	0	0	106.78	0	0	0	0	0	133.52	1.38	0	0	0	0	0	0	0	33.17	9.82	0	15.8	5.24	0	0	0	0	153.18	0	45.26	0	5.22	0	7.5	23.41	30.73	0	0	0	0	5.55	0	0	0	0	0	0	83.02	9.92	0	0	0	3.88	206.15	51.91	0	0	0	0	0
1019	45.57	0	0	16.67	0	114.1	63.69	26.14	0	0	0	121.45	0	0	16.45	0	0	0	0	214.01	0	30.84	227.28	3.28	0	5.15	56.05	56.47	70.6	155.77	12.45	115.45	208.69	5.36	0	55.81	121.44	9.03	0	277.63	0	0	0	0	0	20.8	6.45	249.08	351.98	0	0	0	0	29.67	361.26	153.94	0	16.72	0	4.63	30.93	0	10.35	0	0	48.69	0
10225	0	0	0	0	0	0	0	0	0	0	0	0	0	0	0	0	0	0	0	0	0	0	0	0	0	0	0	0	0	0	0	0	0	0	0	0	0	0	0	0	0	0	0	0	0	0	0	0	0	0	0	0	0	0	0	0	0	0	0	0	0	0	0	0	0	0	0
10272	7	0	0	0	0	0	0	0	0	0	0	0	0	0	0	0	0	0	0	67.59	0	0	0	0	0	0	0	0	0	0	0	0	45.15	0	0	0	0	0	0	116.31	0	4.52	0	0	0	0	0	0	0	0	0	0	0	0	0	0	0	0	18.03	0	0	0	0	0	0	0	0
10278	0.62	0	0	0	0	0	0	60.44	0	0	0	0	0	0	0	0	0	0	0	0	0	0	0	0	0	0	0	0	0	0	0	0	0	0	0	72.59	0	0	0	0	0	0	47.64	0	0	0	0	0	2.09	1.09	2.73	0	0	0	0	0	0	0	0	0	0	0	0	0	0	0	0
10288	NA	NA	NA	NA	NA	NA	NA	NA	NA	NA	NA	NA	NA	NA	NA	NA	NA	NA	NA	NA	NA	NA	NA	NA	NA	NA	NA	NA	NA	NA	NA	NA	NA	NA	NA	NA	NA	NA	NA	NA	NA	NA	NA	NA	NA	NA	NA	NA	NA	NA	NA	NA	NA	NA	NA	NA	NA	NA	NA	NA	NA	NA	NA	NA	NA	NA	NA
10346	55.29	0	0	0	0	0	7.95	0	0	7.84	142.13	4.99	0	1.72	0	0	0	0	0	0	0	0	0	0	0	58.24	0	0	0	0	0	76.62	0	9.57	0	0	0	5.85	0	0	0	0	0	0	0	0	0	0	0	0	986.03	86.53	10.12	0	0	26.36	0	0	380.42	0	0	0	0.41	0	0	0	0
10395	31.53	0	26.36	0	0	0	0	0	0	0	0	237.73	0	0	0	0	0	0	0	113.28	7.75	0	9.38	0	0	0	0	0	199.32	0	0	0.67	48.01	0	0	0	0	13.2	0	2.48	22.09	0	0	0	0	0	0	0	0	0	24.62	0	0	0	0	35.49	0	0	0	0	0	0	0	1.53	0	19.4	0
10417	97.03	0	39.12	0	0	0	0	0	0	1.51	0	75.14	0	0	0	0	0	0	0	51.38	0	3.11	99.56	0	0	0	0	0	0	139.37	0	296.75	0	0	0	0	0	95.66	0	1.42	0	0	4.24	0	0	0	0	0	2.62	0	0	0	0	25.07	1.3	37.02	0	0	148.31	0	0.9	0	0	0	0	0	0
1043	20.3	0	0	0	0	0	0	0	0	0	0	0	0	0	0	0	0	0	0	0	0	0	0	0	0	0	0	0	0	0	0	0	0	0	0	0	0	0	0	0	0	0	0	0	0	0	0	0	0	0	0	0	0	0	0	0	0	0	0	0	0	0	0	0	0	0	0
10477	90.35	0	9.17	0	0	10.92	204.88	3.5	744.77	95.16	94.62	537.44	43.16	0	88.33	137.43	43.6	468.23	0	2.06	0	748.95	10.85	20.48	34.64	37.79	56.46	4.92	754.69	4.43	603.18	86.94	0	2.28	0	15.97	35.9	0	0	0	3.1	0	140.43	0	284.99	6.62	0	0	89.9	1115.91	0	0	0	0	1.81	77.55	326.63	111.26	0	0	10.11	20.07	357.85	0	19.48	0	0
10500	1.74	0	0	0	0	0	0	0	0	0	0	0	0	0	0	0	0	0	0	0	0	0	0	0	0	0	0	0	0	0	0	0	0	0	0	0	0	0	0	0	0	0	0	0	0	0	0	0	0	0	0	0	0	0	0	0	0	0	0	0	0	0	0	0	0	0	0
1052	51.22	0	33.35	36.39	0	5.03	20.87	39.97	0	0	0	16.74	24.84	299.89	0	0	43.27	14.02	15.8	0	0	0	24.95	24.2	247.25	3.36	19.15	62.07	0	18.39	2.42	0	22.19	154.3	0	23.85	65.47	10.78	27.48	13.71	0	0	54.79	384.24	0	15.13	16.34	0	37.1	38.38	89.8	0	0	0	169.18	16.43	2.67	0	53.37	48.54	31.41	14.79	2.33	0	109.1	26.44	188.14
10578	3.01	0	0	0	0	0	0	0	0	0	0	0	0	0	0	0	0	0	0	0	0	0	0	0	0	0	0	0	0	0	0	0	0	0	0	0	0	0	0	0	0	0	0	0	0	0	0	0	0	0	0	0	0	0	0	0	0	0	0	0	0	0	0	0	0	0	0
10631	81.13	0	0	0	0	0	0	0	0	0	0	0	0	0	0	0	0	0	0	2.47	0	0	0	0	0	127.36	0	0	492.87	0	0	1111.63	0	0	0	0	0	0.57	135.64	0	0	0	0	3.48	0	0	0	0	0	0	0	0	0	2	366.21	260.25	0	0	0	0	0	0	0	0	0	0	0
10666	0	0	0.89	0	0	0	0	0	0	0	0	0	0	0	0	0	0	0	0	0	0	0	0	0	0	0	0	0	0	0	0	0	0	0	0	0	0	0	0	0	0	0	0	0	0	0	0	19.92	0	0	0	0	0	0	0	0	0	0	0	0	0	0	0	0	0	0	0
10855	0	0	0	0	0	0	0	0	0	0	0	0	0	0	0	0	0	0	0	0	0	0	0	1.44	0	0	0	0	0	0	0	0	0	0	0	0	0	0	0	0	0	0	0	0	0	0	0	0	0	0	0	0	0	0	0	0	0	0	0	0	0	0	0	0	0	0	204.34
10859	NA	NA	NA	NA	NA	NA	NA	NA	NA	NA	NA	NA	NA	NA	NA	NA	NA	NA	NA	NA	NA	NA	NA	NA	NA	NA	NA	NA	NA	NA	NA	NA	NA	NA	NA	NA	NA	NA	NA	NA	NA	NA	NA	NA	NA	NA	NA	NA	NA	NA	NA	NA	NA	NA	NA	NA	NA	NA	NA	NA	NA	NA	NA	NA	NA	NA	NA
10875	3.66	0	0	0	0	0	0	0	0	0	0	0	0.86	0.59	0	0	0	0	0	0	0	0	0	0	0	0	0	0	0	0	0	0	0	0	0	0	0	0	0	0	0.84	0	0	0	0	0	0	0	0	0	258.41	0	0	0	0	0	0	0	0	0	0	0	0	0	0.15	0	0
10916	143.51	0	0	0	0	23.4	13.06	4.51	0	0	1.71	124.49	0	0	0	0	0	0	25.52	293.74	69.79	0	112.1	0	0	1.38	60.96	297.93	218.08	0	49.39	791.47	102.87	6.49	47.69	0	57.45	533.02	2.29	73.22	0	0	2.13	2.09	18.85	63.23	0	53.52	0	516.45	0	0	10.89	39.5	0	28.33	3.34	0	0	14.62	6.33	66.55	2.89	0	9.95	14.65	0
10951	31.11	135.49	11.1	7.51	97.61	26.91	25.22	1.94	0	2.39	0	2.57	53.63	0	0	0	126.39	6.53	72.22	33.47	168.61	0	0	0	621.61	372.61	0	19.81	179.75	16.26	0	0	21.6	2.52	0	172.95	16.47	0	109.15	4.45	54.18	31.3	46.41	48.95	0	0	77.19	42.27	0	81.52	0	0	0	0	138.98	36.33	18.08	60.45	0	19.54	51.95	17.61	45.7	2.76	5.48	5.63	22.52
10982	70.96	0	65.75	0	0	0.64	0	3.02	0	130.45	0	2.24	0	29.03	0	0	0	0	0	0	0	0	4.92	0	0	0	0.44	0	21.43	33.06	0	20.75	351.03	0	0	0	0	144.99	0	405.38	0.88	0	59.74	0	0	0	0	9.98	0	0	0	0	5.17	10.37	0	48.94	18.14	0	0	0	0	0	0	0	0	8.86	0
10993	1.09	0	0	0	0	0	0	0	0	0	0	0	0	0	0	0	0	0	0	0	0	0	0	0	0	0	0	0	0	0	0	0	0	0	0	0	0	0	0	0	0	0	0	0	0	0	0	0	0	0	0	0	0	0	0	0	0	0	0	0	0	0	0	0	0	0	0
11006	NA	NA	NA	NA	NA	NA	NA	NA	NA	NA	NA	NA	NA	NA	NA	NA	NA	NA	NA	NA	NA	NA	NA	NA	NA	NA	NA	NA	NA	NA	NA	NA	NA	NA	NA	NA	NA	NA	NA	NA	NA	NA	NA	NA	NA	NA	NA	NA	NA	NA	NA	NA	NA	NA	NA	NA	NA	NA	NA	NA	NA	NA	NA	NA	NA	NA	NA
11031	65.21	0	0.9	0	0	98.11	0	0	0	0	0	128.65	0	8.35	0	0	0	0	0	98.19	1215.21	0	412.28	0	0	94.01	0	0.29	354.1	109.08	0	71.22	279.09	0	0	0	0	75.29	0	526.17	0	0	0	0	0	124.86	0	0	66.25	0	232.13	0	0	0	0	126.45	0	0.73	0	0	0	0	0	7.71	0	135.74	0
1108	13.03	0	0	1.17	0	0	276.13	10.81	0	0	22.85	26.89	67.87	64.37	0	0	186.89	4.8	170.82	0	45.1	0	36.37	77.66	13.38	62.51	134.77	39.29	106.52	41.16	0	0	0	24.6	0	0	5.81	5.15	0	5.35	189.84	0	62.37	0	0	0	170.46	0	0.5	19.45	0	0.33	0	750.92	0	115.49	19.48	0.89	0	8.65	38.73	83.95	0.18	25.41	1.23	1.04	0
11117	2.51	0	0	0	0	0	0	0	0	0	0	0	0	0	0	0	0	0	0	0	0	0	0	0	0	0	0	0	0	0	0	0	0	0	0	0	0	0	0	0	0	0	0	0	0	0	0	0	0.28	0	0	0	0	0	0	0	0	0	0	0	0	0	0	0	0	0	0
11138	12.29	0	0	0	0	0	10.14	0	0	0	0	0	46.76	0	0	0	0	6	0	109.73	0	0	0	0	0	0	0	0	0	37.57	32.22	0	0	13.32	0	4.7	4.5	0	0	0	22.06	0	0	0	0.7	0	0	0	0	0	0	0	0	0	0	0	0	16.45	0	11.43	0	0	0.64	0	0	0	0.85
11151	0	1.59	0	0	0	0	0	0	0	0	0	0	0	0	0	0	0	0	0	0	0	0	0	0	0	0	0	17.93	0	0	0	0	0	0	0	0	0	0	0	0	0	0	0	0	0	0	0	0	0	0	0	0	0	0	0	0	0	0	0	0	0	0	0	0	0	0	0
11167	204.78	0	47.99	0	0	82.17	0	0	0.7	0	0	0.3	0	637.09	0	4.34	0	0	0	605.73	147.36	124.31	441.84	0	36.42	256.85	0	0	51.55	1.41	0	16.53	190.8	0	298.89	0	0	0	592	279.73	0	0	99.07	6.38	0.44	0	0	1.8	6.37	12.28	40.26	0	8.86	98.08	313.8	455.14	2.7	0.49	11.02	0	0	0.67	0	0	0	34.95	0
11178	4.16	0	0	0	0	0	0	0	0	0	0	0	0	0	0	0	0	0	0	0	0	0	0	0	0	0	0	0	0	0	0	2.45	0	0	0	0	0	42.3	0	0	0	0	0	0	0	0	0	0	0	0	0	0	0	0	0	0	0	0	0	0	0	0	0	0	0	0	0
11198	57.79	114.67	203.89	8.88	0	231.41	175.53	100.62	350.65	246.7	539.06	437.77	701.27	5.75	211.69	16.67	15.1	62.97	230.71	12.11	6.09	0	541.7	215.71	2.97	1.04	13.65	0	277.99	117.37	250.73	4.31	74.68	9.64	0	94.04	181.88	3.08	73.01	165.02	214.86	0	292.73	4.66	312.94	55.9	141.25	52.13	551.33	574.02	300.56	117.2	0	23.34	16.08	14.77	524.32	295.31	58.4	111	651.31	1098.98	95.6	0	9.66	6.33	148.58
11262	0	0	0	0	0	0	0	0	0	0	0	0	0	0	0	0	0	0	0	0	0	0	0	0	0	0	0	0	0	0	0	0	0	0	0	0	0	0	0	0	0	0	0	0	0	0	0	0	0	0	0	0	0	0	0	0	0	0	0	0	0	0	0	0	0	0	0
11314	1.63	0	0	0	0	0	0	0	0	0	0	0	0	0	0	0	0	0	0	0	0	0	0	0	0	0	0	0	0	0	0	910	0	0	0	0	0	0	0	0	0	0	0	0	0	0	0	0	0	0	0	0	0	0	0	0	0	0	0	0	0	0	0	0	0	0	0
11343	51.49	0	281.39	8.78	0	0	0	0	0	0	0	0.39	0	0	0	0	0	0	0	0	0	0	177.68	0	0	0	0	0	0	0	0	89.79	0	0	0	27.8	0	0	0	0	0	49.21	0	0	0	0	0	9.43	0	0	0	0	216.37	0	0	0	0	0	0	0	0	0	9.97	0	0	0	0
114897	3.56	0	4.29	0	0	0	0	0	0	0	0	0	0	0	0	0	0	0	0	0	0	2.07	0	0	0	0	0	0	1.47	0	0	6.78	0	0	0	0	0	0	0	2.51	0	0	0	0	0	0	0	0	0.43	0	0	0	0	4.57	0	0	0	0	0	0	0	0	0	0	0	0	0
115	0	0	0	0	0	0	0	0	0	0	0	0	0	0	0	0	0	0	0	0	0	0	0	0	0	0	0	0	25.86	0	0	0	0	0	0	0	0	0	0	0	0	0	0	0	0	0	0	0	0	0	0	0	0	0	0	0	0	0	8.06	0	8.23	0	0	0	0	0	0
1152	18.91	0	0	0	0	0	0	0	0	0	0	0	0	0	0	50.81	61.03	2.76	0	0	0	220.67	0	0	0	0	0	0	0	0	673.34	0	0	222.38	0	0	519.6	0	0	0	0	204.5	0	0	0	0	0	0	0	0	0	0	0	0	0	0	0	0	0	0	0	99.96	0	320.18	0	0	7.04
1160	0	0	0	0	0	0	0	0	0	0	0	0	0	0	0	0	0	0	0	0	0	0	0	0	0	0	0	0	0	0	0	0	0	0	0	0	0	0	0	0	0	0	0	0	0	0	0	0	0	0	0	0	0	0	0	0	0	0	56.41	0	0	0	0	0	0	0	0
1191	4663.62	236.92	21.63	2907.94	16613.24	8694.91	63562.17	2267.15	7338.13	2438.64	3355.01	3483.78	4982.08	28.66	3794.12	158.13	12979.04	2684.71	1117.6	208.63	6.64	14.28	28.42	1340.11	0	1830.96	340.42	0	43.28	3083.56	5720.06	0	1132.25	13894.4	0	8050.78	13087.11	0	203.89	1676.83	8879.03	559.08	590.35	327.25	869.62	4737.83	786.82	3769.51	0	697.72	163.03	494.09	2382.5	2016.99	145.11	1172.54	3755.01	5670.16	2959.3	200.92	1388.14	1248.73	3655.36	2271.2	7466.14	9578.75	2580.81
1230	2.37	0	0	0	0	0	0	0	0	0	0	0	0	0	0	0	0	0	0	0	0	0	0	0	0	0	0	0	0	0	0	0	0	0	0	0	0	0	0	0	0	0	0	0	0	0	0	0	0	0	0	0	0	0	0	0	0	0	0	0	0	0	0	0	0	0	0
1278	2898.47	0	3087.21	0	1.41	1172.9	1.71	0	0	31.45	42.65	152.36	13.41	7306.2	0	0	0	0.23	0	8746.24	0	4184.7	1305.34	0.3	2032.01	1516.86	0	0	6394.93	854.7	0	2605.36	3284.2	0.48	4.65	1.6	0.51	2259.57	562.69	6956.55	7.82	9.56	2452.99	7.22	2.92	116.68	346.22	0.5	1475.63	2.63	6911.83	0	45.81	5297.79	3117.29	8728.79	1.99	0.54	9459.44	15.55	68.04	54.52	135.01	8.71	3.24	142.93	3.16
1280	0	0	0	0	0	0	0	0	0	0	0	0	0	0	0	0	0	0	0	0	0	0	0	0	0	0	0	0	0	0	0	0	0	0	0	0	0	0	0	0	0	0	0	0	0	0	0	0	0	0	0	0	0	0	0	0	0	0	0	0	0	0	0	0	0	0	0
1281	3829.15	0	622.69	3.94	0.25	585.06	0	0	0	113.76	1.62	273.77	3.74	3115.72	0	0	0	0.63	0.73	5363.49	0.67	8271.59	459.98	0	3649.68	930.48	0.64	0.61	4890.75	132.92	0	1565.61	3407.66	2.73	0	0	0	1864.53	229.8	4956.47	0	0	1137.11	17.98	109.72	109.9	71.37	0	1591.61	1.41	12539.5	0.57	1.07	2648.97	6970.63	10147.66	8.58	1.54	2209.58	62.65	284.14	243.88	572.79	7.87	7.44	31.28	0
1282	45.73	0	318.13	0	0	0	0	0	0	0	0.47	124.7	0	188.21	0	0	0	0.19	0	0	244.65	607.25	543.34	0	0	0.7	0	0	4.17	0.26	0	244.64	0	0	86.36	0	0	1782.15	2.82	0	0	4.44	0	0	0	0	14.23	137.66	0	0	1.04	1.97	144.98	0	0	1.38	0	0	0	0	0	3.36	0	0	0	147.26	0
1288	0	0	0	22.41	0	0	27.29	0	0	0	0	0	0	0	0	0	0	0	0	0	0	0	0	0	0	0	0	0	0	0	0	0	0	0	0	0	0	0	0	0	0	0	0	0	0	0	0	0	0	0	0	0	0	0	0	0	0	0	0	1.53	0	0	0	0	0	0	0
1289	20.04	0	6.47	0	0	3.9	0	0	0	0	0	0	0	0	0	0	0	0	0	177	0	8.01	62.67	0	30.27	5.63	0	0	170.42	4.32	0	26.74	29.33	0	0	0	0	17.51	0	45.47	0	0	2.84	0	0	0.89	0	1.26	0.76	0	101.92	0	0	64.52	88.92	178.96	0	0	9.29	0	0	0.23	0	0	0.07	0.6	0
1290	93.86	0	38.05	0	0	0	0	0	0	0	0	101.91	0	17.02	0	0	0	0	0	93.94	0	4.9	334.96	3.37	175.18	11.75	0	0	188.34	0	0	7.01	77.94	0	0	0	0	529.66	0	102.46	0	0	16.21	0	0.41	26.19	16.72	0	193.94	0	357.66	0	0	31.06	291.45	517.95	0	0	204.23	0	0	0.31	0.93	0.9	0.96	9.23	0
129080	0	0	0	0	0	0	0	0	0	0	0	0	0	0	0	0	0	0	0	0	0	0	0	0	0	0	0	0	0	0	0	0	0	0	0	0	2.33	0	0	0	0	0	0	0	0	0	0	0	0	0	0	0	0	0	0	0	0	0	0	0	0	0	0	0	0	0	0
1293	100.72	0	68.13	0.47	0	73.77	0.29	0	0	0	0	114.52	0	1662.5	0	0	0	0.23	0	355.32	0	34.81	705.76	0	253	244.8	0	0	639.52	0	0	522.34	88.31	0.48	0.64	0	0	569.02	40.09	184.09	0	0	195.37	0	0.97	12.71	0	0	930.37	0	108.26	0	0	47.96	1.9	483.05	0.59	0	670.85	0	0.83	0	0.18	0.43	0	10.58	0.47
1295	104.15	0	0	0	0	7.89	0	0	0	0	0	0	0	435.95	0	0	0	0	0	0.83	0	0	0	0	575.73	0	0	0	9.61	0	0	0	0	0	0	0	0	0	0	0	0	0	79.14	0	0	2.63	97.45	0	215.4	0	263.26	0	14.56	0	28.41	27.66	0	0	32.58	0	0.61	0	0	0	0.21	0	0
1298	1.13	0	0	7.44	0	0	15.4	10.33	25.83	0	0	5.23	0	0	0	0	0	0	0	0	0	0	0	13.89	0	0	1.93	0	0	0	0	0	0	0	0	0	6.65	0	0	0	0	2.97	0	0	0	41.94	0	0	0	0	0	0	0	0	0	0	1.97	1.06	0	0	0	0	16.43	0	81.97	1.84	0
1299	0	0	0	0	0	0	0	0	0	0	0	0	0	0	0	0	0	0	0	0	0	0	0	0	0	0	0	0	0	0	0	0	0	0	0	0	0	0	0	0	0	0	0	0	0	0	0	0	0	0	0	0	0	0	0	0	0	0	0	0	0	0	0	0	0	0	0
1300	36.2	0	0	0	0	165.24	0	0	0	0	0	0	0	31.01	0	0	0	0	0	0	0	0	0	0	0	172.49	0	0	0	0	0	0	0	0	0	0	0	0	0	0	0	0	0	0	0	0	0	0	0	0	34.15	0	0	0	0	0	0	0	58.93	0	0	0	0	0	0	0	0
1307	9.37	0	0	0	0	0	0	0	0	0	0	0	0	46.01	0	0	0	0	0	0	0	10.28	0	0	0	1	0	0	45.16	0	0	13.52	0	0	0	0	0	0	6.1	0	0	0	6.35	0	0	0	0	0	0	0	373.79	0	0	0	13.18	46.35	0	0	0	0	2.18	0	0	0	0	0	0
1311	5.99	0	0	0	0	0	0	0	0	0	0	0	0	0	0	0	0	0	0	0	0	0	0	0	0	0	0	0	0	0	0	0	0	0	0	0	0	0	0	0	0	0	0	0	0	0	0	0	16.03	0	0	0	0	0	0	0	0	0	87.04	0	0	0	0	0	0	0	0
1318	1.92	0	0	0	0	3.22	0	0	0	0	3.87	0	0	0	0	0	0	0	0	0	0	0	0	0	0	0	44.71	0	0	0	0	0	124.57	0	0	0	0	0	0	332.95	0	0	0	0	0	0	0	0	0	0	0	0	0	0	0	0	0	0	0	0	0	0	0	0	0.7	0	0
1359	20.07	0	0	0	0	0	0	0	0	0	0	0	0	0	0	0	0	0	0	0	0	0	0	0	0	0	0	0	0	0	0	0	0	0	0	0	0	0	0	0	4.4	0	0	0	0	0	0	0	0	0	0	0	0	0	0	0	0	0	0	0	0	0	0	0	0	0	0
140	0.9	0	0	0	0	0	0	0	0	0	0	0	0	0	0	0	0	0	0	0	0	0	0	0	0	0	0	0	0	0	0	0	0	0	0	0	0	0	0	0	0	0	0	0	0	0	0	0	0	0	0	0	0	0	0	0	0	0	0	0	0	0	0	0	0	0	0
1466	38.84	0	0	0	0	0	0	0	0	0	499.27	0	0	0	0	0	0	0	0	0	0	25.87	0	0	0	0	0	0	0	0	0	1454.65	9	0	37.09	0	0	0	0	84.19	0	0	0	0	0	0	0	0	0	0	0	0	0	0	0	0	0	0	0	0	3.55	0	40.63	0	0	135.55	0
1493	0	0	0	0	0	0	0	0	0	0	0	0	0	0	0	0	0	0	0	0	0	0	0	0	0	0	0	0	0	0	0	0	0	0	0	0	0	0	0	0	0	0	0	0	0	0	0	0	0	0	0	0	0	0	0	0	0	0	0	0	0	0	0	0	0	0	0
1513	154.41	0	0	0	0	0	0	0	0	0	0	0	0	68.85	0	0	0	0	0	875.41	58.48	116.65	34.35	0	199.85	78.76	37.2	0	0	105.3	0	0	0	0	0	0	0	1.1	0	0	0	0	4.56	0	10.18	0	81.43	0	165.38	0	52.8	0	0	0	2527.63	11.94	10.76	0	0	0	0	0	0	0	0	0	22.45
1520	34.05	0	0	0	0	0	26.84	0	0	0	0	0	0	0	0	1293.56	25.27	0	0	0	0	0	0	5.9	0	2.83	0	0	0	0	0	0	97.11	0	0	0	0	0	0	0	7.02	0	0	0	0	0	72.21	0	1.25	0	0	0	58.06	0	0	0	0	0	0	0	1.11	0	15.71	0	0	0	3.91
1521	0	0	0	0	0	0	0	0	0	0	0	0	0	0	0	0	0	0	0	0	0	0	0	0	0	0	0	0	0	0	0	0	0	0	0	0	0	0	0	0	0	0	0	0	0	0	0	0	0	0	0	0	0	0	0	0	0	0	0	0	0	0	0	0	0	0	0
1536	7.57	0	0	0	0	0	0	0	0	0	0	0	0	0	0	0	0	0	0	0	0	0	0	0	0	0	0	0	0	0	0	0	0	0	0	0	0	0	0	0	0	0	0	0	0	0	0	0	0	0	0	0	0	0	0	0	0	0	0	0	0	0	0	0	0	0	0
1577	0	1.73	0	0	0	0	0	0	0	18.72	16.87	0	0	0	0	0	0	0	0	0	22.65	0	0.51	5.03	0	0	0	0	0	19.12	0	0	0	0	0	0	0	0	0	0	0	0	0	0	0	0	0	38.5	0	0	0	0	0	0	0	0	0	24.22	211.22	11.78	0	0	16.2	0	0	0	0
1580	36.29	61.1	0	0	0	0	0	0	0	0	0	0	0	0	0	0	0	0	0	0	0	0	0	61.58	0	0	0	0	0	0	0	0	0	0	0	0	5.49	0	0	0	0	0	0	0	0	0	0	0	0	0	0	84.37	0	0	0	0	0	0	0	13.01	0	0	0	383.96	0	0	0
1601	78.58	0	16.82	0	0	0	0	0	0	0	0	0	0	0	0	0	0	0	0	65.01	522.39	0	332.82	0	0	705.34	0	0	24.05	0	0	0	0	0	410.03	0	0	0	0	15.67	0	0	12.53	0	0	0	0	110.69	147.23	0	69.98	0	975.17	1363.19	0	65.86	0	0	546.11	0	0	0	0	0	0	0	0
1602	1.07	0	0	0	70.62	0	0	0	0	0	0	0	0	0	0	0	0	0	0	0	0	0	0	0	0	0	0	0	0	0	0	0	0	0	0.94	0	0	0	0	0	6.19	0	0	0	0	0	0	0	0	0	0	0	0	0	0	0	0	0	0	0	0	0	0	0	0	0	0
1672	12.99	0	0	0	64.05	75.09	313.86	0	0	0	45.03	179.95	0	0	0	0	12.64	0	279.17	0	0	0	0	103.14	0	0	0	0	0	473.35	0	0	0	343.54	0	188.06	0	0	0	0	118.67	0	0	0	0	30.01	0	0	0	0	0	0	0	0	0	0	0	93.85	0	0	0	22.48	939.97	0	118.56	103.2	116.59
171017	12.1	0	6.46	0	0	0	0	0	0	0	0	0.04	4.59	0	0	0	0	0	0	0	0	0	0	0	0	0	0	0	0	0	0	0	0	0	0	0	4.76	11.33	0	0	0	0	0	0	0	10.9	0	0	0	0	0	0	0	0	0	0	0	0	28.51	0	0	0	0	0	0	0	0
1729	6.79	0.54	0	0	17.81	0	23.4	253.23	12.75	0	1.24	0	76.58	0	0	0	0	0	0	0	0	0	0.57	0.93	0	0	0	0	105.85	0	0	864.73	0	0	76.94	88.05	17.64	0	11.92	0	11	0	0	0	0	24.56	0	0	94.32	124.82	0	0	0	70.9	0	0	78	59.96	84.65	9.57	0	0	0	17.81	105.54	10.2	0
1755	0	0	0	0	0	0	0	0	0	0	0	0	0	0	0	0	0	0	0	0	0	0	0	0	0	0	0	0	0	0	0	0	0	0	0	0	0	0	0	0	0	0	0	0	0	0	0	0	0	0	0	0	0	0	0	0	0	0	0	0	0	0	0	0	0	0	0
1788	7.45	23.03	62.69	140.06	47.76	51.88	47.73	165.91	89.15	25.58	13.21	33.36	49.83	0.71	0	3.76	2.69	13.2	65.65	0	0	0	18.56	209.01	0	3.21	0	2.93	1.51	30.52	95.49	1.21	2.36	0.81	0	85.03	0	0	0	0.24	105.49	0	371.86	1.08	6.04	10.95	88.59	0.56	0	56.31	1.42	14.74	241.1	62.73	0	3.45	163.1	145.64	8.51	74.74	12.23	41.24	5.93	5.35	3.89	9.18	50.66
1805	79.81	0	0	0	0	1.57	0	0	0	0	0	0	0	0	0	0	0	0	0	0	0	0	0	0	55.93	0	0	0	0	14.71	0	0	0	0	0	0	0	0	0	0	0	0	0	0	0	4.74	0	0	0	0	795.16	0	0	1.81	0	0	0	0	0	0	0	0	0	0	0	0	0
1836	8.98	0.62	0	0	92.71	0	0	0	2.06	0	0	0	0	0	0	0	0	0	0.17	0	0	0	1.55	0	0	0.28	0.43	0	0	161.87	8.2	0	0	4.78	0	57.17	11.34	0	0	0	460.4	0	5.09	0	0	0	0	6.23	0	0	0	0	0	76.24	0	1.85	0	0	0	0	0	61.06	2357.18	0	0	0	0
1842	8.68	0	2.48	0	0	156.26	0	61.65	0	0	0	0	8.02	3.92	0	0	0	0	0	2.3	0	0	31.05	0	118.17	5.79	0	0	80.32	0	0	0	0	0	0	0	0	0	0	1.84	0	0	2.21	0	0	59.03	16.43	0	0	0	0	0	0	0.94	6.85	0	0	0	290.36	0	0	3.82	0	0	0	0	0
1876	58.38	0	0	0	0	0	0	76.01	0	0	28.07	19.39	141.92	0	0	0	0	0	0	0	2.44	29.63	0	0	0	0	0	0	0	0	0	0	0	0	0	0	0	0	10.86	0	0	0	31.73	0	231.81	0	0	0	0	0	0	0	0	0	0	16.02	0	0	130.2	50.6	0	566.85	0	0	0	1.61	0
1909	27.54	0	726.28	0	0	0	0	0	0	0	0	13.38	0	0	0	0	0	0	0	0	0	0	243.28	0	0	0	0	0	29.83	0	0	67.49	0	0	0	0	0	174.21	0	0	0	0	0	0	0	0	0	0	0	0	1.82	0	0	0	4.64	0	0	0	0	0	0	0	0	0	0	0	0
196403	0.93	0	0	0	0	0	0	0	0	0	0	0	0	0	0	0	0	0	0	0	0	0	0	0	0	1.35	0	0	0	0	0	0	0	0	0	12.68	0	0	0	0	0	0	0	0	0	0	0	0	1.92	0	0	0	0	0	0	0	0	0	0	0	0	0	33.76	0	0	1	0
199	NA	NA	NA	NA	NA	NA	NA	NA	NA	NA	NA	NA	NA	NA	NA	NA	NA	NA	NA	NA	NA	NA	NA	NA	NA	NA	NA	NA	NA	NA	NA	NA	NA	NA	NA	NA	NA	NA	NA	NA	NA	NA	NA	NA	NA	NA	NA	NA	NA	NA	NA	NA	NA	NA	NA	NA	NA	NA	NA	NA	NA	NA	NA	NA	NA	NA	NA
2011	0	0	0.79	0	0	0	0.69	0	0	0	0	3.65	0	0	0	0	0	0	0	0	0	0	0	0	0	0	0	0	0	0	0	0	0	0	0	0.32	0.5	0	0	0	0.79	0	0	0	0	0	0	0	0	0	0	0.48	0	0	0	0	1.19	0.64	0	0	0	0	3.86	0	0.55	1.5	0
2030	25.25	0	0	0	0	0	0	65.93	0	0	0	0	0	0	0	0	0	0	0	0	0	0	0	128.54	0	0	0	0	0	0	5.02	0	0	0	0	4.49	0	30.04	0	0	0	0	0	0	1.32	0	0	0	0	0	0	40.32	0	0	0	0	0	0	0	0	0	0	0	0	0	28.21	0
2115	18.67	0	0	0	0.64	0	0	0	0	0	0	0	0	0.6	0	0	0	0	0	0	0	0	193.13	0	1.49	176.41	0	0	0	1.1	0	0	0	0	0	0	38.35	128.02	0	0	0	0	0	0	0	0	0	7.31	1002.68	0	0	0	0	0	7.91	0	0	0	871.6	0	0	0	0	0	0	0	0
2123	80.49	0	0	0	0	0	0	0	0	0	0	0	0	0	0	0	0	0	0	0	37.11	0	9.97	0	1255.02	0	0	0	0	58.35	0	0	0	0	0	0	0	0	0	0	0	0	0	0	0	0	0	0	0	0	0	0	0	0	0	0	0	0	0	10.05	0	0	0	0	0	0	0
2124	2.94	0	0	0	0	0	0	0	0	0	0	0	0	0	0	0	0	0	0	0	0	0	0	0	0	0	0	0	0	0	0	0	0	0	0	0	0	0	0	2.52	0	0	0	0	0	0	0	0	0	0	0	0	0	0	0	0	38.44	0	0	0	0	0	0	0	0	0	0
2149	201.5	0	0	0	0	0	0	0	0	0	0	0	0	0	0	0	2.02	0	0	0	0	0	0.75	0	0	51.27	47.06	3.42	2.45	0	144.87	0	0	0.7	0	0	4.86	6.74	0	0	0	0	0	0	0	2.05	11.29	0.72	8.94	0	49.19	0	0	0	0	0	1.44	0	0.73	0	2.39	0	0	0	0.33	0	0
2162	0	0	0	0	0	0	0	11.36	0	0	0	0	0	0	0	0	0	0	0	0	0	0	0	0	0	0	0	0	0	0	0	0	0	0	0	0	0	0	0	0	0	0	0	0	0	0	0	0	0	0	0	0	0	0	0	0	0	0	0	0	0	0	0	0	0	0	0
2166	0	0	0	0	0	53.62	0	0	0	0	0	0	0	0	0	0	0	0	0	0	0	0	0	0	0	0	0	0	0	0	0	0	0	0	0	0	0	0	0	0	0	0	0	0	0	0	0	0	0	0	0	0	0	0	0	0	0	0	0	0	0	0	0	0	0	0	3.58
2191	216.12	0	0	0	0	0	0	0	0	0	0	0	0	2504.54	0	0	0	0	0	262.81	0	250.17	0	0	0	0	0	0	83.34	87.24	0	0	305.07	0	377.21	0	0	0	0	273.1	0	0	0	0	0	0	0	0	83.41	0	415.68	0	0	0	490.37	921.15	0	0	1351.14	0	0	0	0	0	0	0	0
2200	20.74	0	176.41	0	0	76.27	0	0	0	0	0	0	0	4.08	0	0	0	0	0	65.01	0	0	0.38	0	0	140.84	0	0	0.91	0	0	0.97	17.11	0	0	0	0	0	19.22	69.94	0	0	46.81	0	0	0	1.27	0	0	0	0	0	5.66	143.03	0	105.28	0	0	207.16	0	0	0	0	0	0	0	0
2201	0	0	0	0	0	0	0	0	0	0	0	0	0	0	0	0	0	0	0	0	0	0	1.23	0	0	0	0	0	0	0	0	0	0	0	0	0	0	0	0	0	0	0	0	0	0	0	0	0	0	0	0	0	0	0	0	0	0	0	0	0	0	0.37	0	0	0	0	0
2207	44.2	0	0	0	0	0	0	0	0	0	0	0	0	0	0	0	0	0	0	0	0	0	0	0	0	0	0	0	0	0	0	0	0	0	0	0	0	0	0	0	0	0	0	0	0	0	0	0	0	0	0	0	0	0	0	0	0	0	0	0	0	0	0	0	0	0	0
221	11.4	0	0	0	0	0	0	0	0	18.76	0	0	0	0	0	0	0	0	0	0	0	0	0	0	0	0	0	0	0	0	0	0	16.98	0	0	0	24.82	0	0	19.11	0	0	0	0	10.78	0	0	0	0	0	0	0	0	0	0	0	0	0	0	0	0	0	1.34	0	0	0	0
2246	0	0	0	0	0	0	0	0	0	0	0	0	0	0	0	0	0	0	0	0	0	0	5.91	0	0	0	0	0	0	0	0	0	0	0	0	0	0	0	0	0	0	0	0	0	0	0	0	0	0	0	0	0	0	0	0	0	0	0	0	0	0	0	0	0	0	0	0
2252	1012.02	0	0	0	0	2.65	0	0	0	0	0	0	0	0	0	0	0	0	0	0	0	397.71	0	0	3298.35	355.78	0	0	0	0	0	0	0	0	0	0	0	0	13.19	0	0.92	0	0	0	0	1.98	0	0	2777.38	0	26.49	5.59	0	0	59.59	696.68	0	0	0	0	0	0	1.3	0	0	0	0
22836	14.98	0	800.59	0	0	112.05	0	45.26	0	0	0	0	0	403.56	0	0	0	0	0	0	0	0	0	0	0	0	0	0	0	0	0	30.65	24.69	0	0	0	0	9.73	28.43	20	0	0	1.88	0	0	0	0	0	41.89	0	0	0	0	1.62	1680.34	0	0	0.53	0.49	0	0	0	0	0	0	0.61	0
22874	4.25	0	0	0	0	0	0	0	0	0	0	0	4.99	0	0	0	0	0	0	0	0	0	0	0	0	0	0	0	0	0	0	0	0	0	0	0	5.82	0	0	0	0	4.2	0	0	0	4.1	97.48	0	0	0	0	0.58	0.59	0	0	0	0	0	0	0	2	0	43.71	0	0	0	15.64
22903	14.9	0	0	0	0.31	0	0	0	0	0	0	0	0	0	0	0	0	0	0	0	0	0	0	0.41	0	0	0	0	0	7.2	0	0	0	0	4.88	4.27	0	29.21	0	0	0	0	0	0.72	0	0	0	0	121.45	0	0	0	0	0	0	0	0	0	0	0	0	0	0	0	0	0	0
22919	62.02	0	33.6	0	63.01	0	0.63	1.62	0	0	24.68	20.83	21.68	0	0	1.02	0	19.93	0	0	1.02	0	0.56	0	0	0	0	0	1.47	14.24	1.96	0	9.06	0	0	107.99	17.4	0	0	1.86	138.59	0	0	0	0	30.77	0	60.06	0.43	206.21	0	0	129.63	0	108.06	12.16	10.85	49.14	0	23.08	0	0.8	0.95	0	0	2.7	17.64
22929	0	0	0	0	0	30.72	0	0	0	0	11.66	0	0	0	0	0	0	13.86	0	0	0	0	3.13	0	0	0	0	1.03	0.64	0	0	0	10.04	0	0	0	7.12	0	0	22.68	1.24	0	0	0	0	0	0	0	0	0	0	0	0	0	0	83.62	0	0	0	0	0.94	0	0	0	0	0	0
22941	0	0	0	0	0	0	0	0	0	0	36.02	0	0	0	0	0	0	0	0	0	0	0	0	0	0	0	0	0	0	0	0	0	0	0	0	0	0	0	0	0.4	0	0	0	0	0	0	0	0	0	0	0	0	0	0	0	0	0	42.01	0	5.26	0	0	139.01	0	0	0	0
23090	0	0	0	0	0	0	0	0	0	0	0	0	0	0	0	0	0	0	0	0	0	0	0	0	0	0	0	0	0	0	0	0	0	0	1.08	0	0	0	0	0	0	0	0	0	0	0	0	0	0	0	0	0	0	0	0	0	0	0	0	0	0	0	0	0	0	0	0
23092	0	11.58	0	0	4.64	0	23.67	0	0	0	0	138.54	0	1.6	0	331.07	0	0	72.25	0	0	0	797.08	0.38	0	0	0	0	0	0	87.27	0	0	58.73	0	3.71	35.31	0	13.7	0	0	0	2.38	0	0	52.97	22.3	0	0	0	0	0	0	0	0	0	0	0	0	0	0	0	0	0	0	3.42	0
23154	0.92	0	0	0	61.66	0	0	0	0	0	0	0	0	0	0	0	0	0	0	0	0	0	0	0	0	0	0	0	0	0.5	0	0.5	0	0	0	0	0.68	0	0	0	0	0.67	0	0	0	0	0	0	0	0	0	0	0	0	0	0	0	13.09	0	5.05	0	0	0	0	0	1.01	0
23213	104.27	0	0.96	0	164.8	0	147.9	138.56	1066.18	140.71	35.14	0	19.05	55.48	2.03	743.77	0	6.15	640.33	6.1	0	299.34	0	0	0.99	0	0	0	0	0	34.07	0	364.4	123.88	0	0	51.12	0	21.3	776.99	0	0	1.06	0	1180.35	130.37	182.89	110.43	128.11	0	1365.74	0	0	139.96	0	0.55	0	0	0	0	0	0	0	66.13	0.75	114.83	333.58
2326	10.11	0	0	0	0	0	0	0	19.33	0	0	0	0	0	0	0	0	0	0	0	0	0	0	0	0	0	0	0	0	0	0	0	0	0	0	0	0	0	0	0	0	0	0	0	0	0	0	0	0	0	0	0	0	0	0	0	0	0	0	0	0	0	0	0	0	0	0
23303	0.17	0	0	0	0	0	0.99	0	0	0	0	43.31	2.27	0	0	0	0	0	0	0	0	1363.86	0	279.54	0	0	0	0	0	0	12.55	0	0	8.34	0	0	0	0	0	0	16.72	16.99	0	0	0	150.49	7.74	0	0	0	0	0	0	0	0	0	3.45	49.95	0	0	0.93	76.48	85.55	0	0	0	0
2335	318.12	955.5	520.15	0	0.38	281.42	0.98	0	0	0	0	282.38	0.99	1348.71	0	0	0	0	0	609.31	0	381.97	5307.87	0	2087.87	2265.5	0	0	964.82	21.06	0	4990.28	791.7	0	0	0	0	2434.45	54.92	1599.98	8.07	0	370.41	2.44	7.94	174	28.92	0	562.85	0	1375.49	0	2498.79	418.2	53.2	2039.93	0	0	567.84	0	16.01	0	19.45	0	0	1024.65	0
23394	40.24	0	0	0.86	140.72	57.22	7.87	5.27	0	2.77	213.89	53.99	67.75	1080.46	63.68	0	0	90.73	19.97	262.32	0	35.76	30.35	19.15	0	0	55.34	0	173.04	0	0	0	102.08	0	0.72	0.24	9.6	99.3	0	167.89	65.18	0	18.39	0	7.53	30.75	33.07	0.45	1.67	104.65	0	21.07	0	0	86.8	67.21	0.9	0	22.2	0	79.66	105.07	61.77	0	0	0	16.56
23452	9.56	0	0.49	0	0	0	0	0	0	0	0	0	0	952.84	0	0	0	0	0	119.32	4.15	0	0	0	0	0	0	0	0	0	0	15.62	0	0	377.37	0	0	275.47	0	0	0	0	41.24	0	0	0	0	0	0	0	0	0	0	0	0	46.83	0	0	0	1.39	0	0	0	0	0	8.95	0
23632	0	0	0	0	0	0	0	0	0	0	0	0	0	0	0	0	0	0	0	0	0	0	0	0	0	0	0	0	0	0	0	0	0	0	0	0	0	0	0	0	0	0	0	0	0	0	0	0	0	0	0	0	0	0	0	0	0	0	0	0	0	0	0	0	0	0	0
23767	0.79	0	0	0	0	0	0	0	0	0	0	0	0	0	0	0	0	0	0	0	0	0	0	72.48	0	0	0	0	0	0	0	0	0	0	0	0	0	0	0	0	0	0	0	0	0	0	0	45.2	0	0	0	0	0	0	0	0	0	0	0	0	0	0	0	0	0	0	0
23769	0	0	0	0	0	0	0	0	0	0	0	0	0	0	0	0	0	0	0	0	0	0	0	0	0	0	0	0	0	0	0	0	0	0	0	0	0	0	0	0	0	0	0	0	0	0	0	0	0	0	0	0	0	0	0	0	0	0	0	0	0	0	0	0	0	0	0
249	24.14	54.8	0	0	0	0	0	1.65	0	0	2.15	0	0	0	0	0	0	0	0	34.33	0	0	0	0	0	0	0	0	440.5	0	0	0	0	0	0	0	0	0	0	0	0	0	0	0	0	0	9.59	0	0	5.64	0	0	281.42	0	0	0	15.4	0	0	0	1.04	0	10.76	0	137.32	0	0
2524	1.1	0	0	0	0	0	0	0	0	0	0	0	0	0	0	0	0	6.64	0	0	0	0	0	0	0	0	0	0	0	0	0	0	0	0	0	0	0	0	0	0	0	0	0	0	0	0	135.46	0	0	0	0	0	0	0	0	0	0	0	0	0	0	0	0	0	0	0	0
2525	0	0	0	0	0	0	0	0	0	0	0	0	0	0	0	0	0	0	0	0	0	0	0	0	0	0	0	0	0	0	0	0	0	0	0	0	0	0	0	0	0	0	0	0	0	0	0	0	0	0	0	0	0	0	0	0	0	0	0	0	0	0	0	0	0	0	0
2527	0	0	0	0	0	0	0	0	0	0	0	0	0	0	0	0	0	0	0	0	0	0	0	0	0	0	0	0	0	0	0	0	0	0	0	0	0	0	0	0	0	0	0	0	0	0	0	0	0	0	0	0	0	0	0	0	0	0	0	0	0	0	0	0	0	0	0
2528	0	0	0	0	0	0	0	0	0	0	0	0	0	0	0	0	0	0	0	0	0	0	0	0	0	0	0	0	0	0	0	0	0	0	0	0	0	0	0	0	0	0	0	0	0	0	0	0	0	0	0	0	0	0	0	0	0	0	0	0	0	0	0	0	0	0	0
2533	12.96	0	0	0	0	0	0	0	0	0	0	0	0	0	0	0	0	0	0	0	0	0	0	0	0	0	0	0	0	0	0	0	0	0	0	0	0	0	0	0	0	0	0	0	0	0	0	0	0	0	0	0	0	0	0	0	0	0	0	0	0	0	0	0	0	0	0
2535	3.96	0	0	0	0	0	0	0	0	0	0	0	0	0	0	0	0	0	0	0	0	0	0	0	0	0	0	0	0	0	0	0	0	0	0	12.72	0	0	0	0	0	0	0	0	0	0	0	0	0	0	0	0	0	0	0	0	0	0	0	0	0	0	0	8.8	0	0.85	0
25803	1.83	0	0	0	0	0	0	0	0	0	0	0	0	0	0	0	0	0	0	0	0	0	0	0	0	0	0	0	0	0	0	0	0	0	0	0	0	0	0	0	0	0	0	0	0	0	0	0	0	0	0	0	0	0	0	0	0	0	0	76.63	6.94	0	0	0	0	0	0
25833	12.82	0	0	8.24	0	0	29.76	0	0	597.39	0	0	27.18	0	0	0	56.68	5.81	0	0	0	0	6.86	371.87	0	0	0	0	0	6.06	29.73	0	0	0	0	0	16.38	0	0	0	0	198.4	1.25	0	0	150.47	0	0	0	0	0	33.87	0	0	0	0	0	0	0	0	0	28.05	0	2.07	0	0	71.93
25903	42.42	0	138.96	0	0	0	0	0	0	0	0	0	0	0	0	0	0	0	0	14.88	0	12.87	89.04	0	0	0	0	0	0	0	0	1.09	0	0	0	0	0	168.43	0	0	0	0	0	0	0	0	0	0	0	0	0	0	0	0	0	1.99	0	0	93.92	0	0	0	0	0	0	81.6	0
25960	1.95	0	0	0	0	0	0	0	0	0	0	0	0	0	0	0	0	0	0	0	0	0	4.33	0	0	0	0	0	0	0	0	0	0	0	0	0	0	0	0	0	0	0	0	0	0	0	0	0	0	0	0	0	0	0	0	0	0	0	0	0	0	0	0	0	0	0	0
26002	0	0	0.63	0	0	10.82	0	0	0	0	0	0	0	352.72	0	0	0	0	0	0	0	0	0	0	79.95	59.51	0	0	0	0	0	0	0	0	0	0	0	0	0	0	0	0	0	0	0	0	0	0	0	0	0	0	0	0	0	0	0	0	0	0	0	0	0	0	0	0	0
26191	26.44	0	0	0	0	0	0	0	0	0	0	0	0	0	0	0	0	0	0	0	0	0	0	0	0	0	0	0	0	0	0	0	13.76	0	0	0	0	0	0	2.85	0	0	0	0	0	0	0	0	0	0	0	0	0	0	0	0	0	0	0	0	0	0	0	0	0	0	0
2622	13.97	0	0	0	0	0	0	0	0	0	1	0	0	0	0	0	0	0	0	0	0	0	0	0	0	0	0	0	0	1.1	0	0	0	0	0	0	0	0	152.36	0	0	0	0	0	0	28.59	0	0	0	0	0	0	0	0	0	0	22.86	0	0	0	0	0	0	0	0	25.54	0
26289	0	0	0	0	0	0	0	0	0	0	0	0	0	0	0	0	0	0	0	0	0	0	0	0	0	0	0	0	0	0	0	0	0	0	0	0	0	0	0	0	0	0	0	0	0	0	0	0	0	0	0	0	0	0	0	0	0	0	0	0	0	0	0	0	0	0	0
26469	7.68	12.65	327.49	0	0	0	0	0	80.48	0	0	0.77	27.44	0	0	0	0	0	40.72	0	0	0	0	19.91	0	0	0	0	0	0.47	59.48	0	0	0	0	0	1.49	0	0	0	0	6.89	0	0	0	19.82	0	0	0	0	0	0	0	0	106.58	0	0	0	0	0	6.39	55.34	0	0	0	0	0
26585	NA	NA	NA	NA	NA	NA	NA	NA	NA	NA	NA	NA	NA	NA	NA	NA	NA	NA	NA	NA	NA	NA	NA	NA	NA	NA	NA	NA	NA	NA	NA	NA	NA	NA	NA	NA	NA	NA	NA	NA	NA	NA	NA	NA	NA	NA	NA	NA	NA	NA	NA	NA	NA	NA	NA	NA	NA	NA	NA	NA	NA	NA	NA	NA	NA	NA	NA
2662	0	0	0	0	0	0	0	0	0	0	0	0	0	0	0	0	0	0	0	0	0	0	0	0	0	0	0	0	0	0	0	0	0	0	0	0	0	0	0	0	0	0	0	0	0	0	0	0	0	0	0	0	0	0	0	0	0	0	0	0	0	0	0	0	0	0	0
2669	63.54	0	29.21	0	0	0	0	0	0	0	0	0	0	149.55	0	0	0	0	0	85.1	0	257.43	43.01	0	0	2.33	0	0	67.04	0	0	0	0	0	0	0	22.32	0	0	0	0	0	0	0	0	11.81	0	0	39.67	0	1121.93	0	0	0	0	256.08	0	0	0	0	0	0	0	1.47	0	0.86	0
26873	8.15	0	0	0	0	0	0	0	0	0	0	0	0	0	0	0	0	0	0	0	0	0	0	0	0	0	0	0	0	0	0	0	0	0	0	0	0	0	0	0	0	0	0	0	0	0	0	0	0	0	0	0	0	0	0	0	4.07	0	0	0	0	0	0	0	0	0	0
27005	12.35	0	0	0	0	0	0	110.12	0	0	0	0	0	0	0	0	0	0	7.18	66.46	0	0	0	0	244.02	0	0	0	9.68	4.37	0	0	0	0	0	9.29	0	0	0	0	111.25	0	3.58	0	0	7.9	0	0	0	0	0	0	0	0	0	0	0	0	0	0	0	9.25	194.36	0	0	0	0
2705	6.86	0	0	0	0	0	0	0	0	0	0	7.78	0	0	0	0	0	0	0	0	0	0	0	0	0	0	0	0	0	0	0	0	0	0	0	0	0	0	0	0	0	0	0	0	0	0	0	0	0	0	0	0	0	0	0	0	0	0	0	0	0	0	1.66	0	0	0	0
27098	13.39	0	0	0	0	0	0	0	0	0	0	0	0	0	0	0	0	0	0	0	0	0	0	0	0	0	22.26	0	0	0	0	0	0	0	0	0	0	0	0	0	0	0	0	0	0	0	0	0	0	0	0	0	0	0	0	0	0	0	0	76.72	0	0	0	0	0	0	0
27134	1.11	0	0	0	68.01	0	0	0	0	0	0	0	0	0	0	0	0	0	0	0	0	0	0	0	0	0	0	0	0	0	0	0	0	0	0	0	0	0	0	0	0	0	0	0	0	0	0	0	0	0	0	0	0	0	0	0	0	0	0	0	0	0	0	0	41.65	0	245.22
27299	7.4	0	0	0	0	0	0	0	0	0	0	0	0	0	0	0	0	0	0	0	0	0	0	0	0	0	0	0	0	0	0	0	0	0	0	0	0	0	0	0	0	0	0	0	0	0	0	0	0	0	0	0	0	0	0	0	0	0	0	0	0	0	0	0	0	0	0
27334	0	0	0	0	0	0	0	0	0	0	0	0	0	0	0	0	0	0	0	0	0	0	0	0	0	0	0	0	0	0	0	0	0	0	0	0	0	0	0	0	0	0	0	0	0	0	0	0	0	0	0	0	0	0	0	0	0	0	0	0	0	0	0	0	0	0	0
2736	0	0	0	0	0	0	0	0	0	0	0	0	0	0	0	0	0	0	0	0	0	0	0	0	0	0	0	0	0	0	0	92.31	0	0	0	0	12.68	0	0	0	0	0	0	0	0	0	0	0	0	0	0	0	0	0	0	15.57	0	0	0	0	0	0	0	0	0	0	0
2833	0	0	0	0	0	0	0	0	0	0	0	0	0	0	0	0	0	0	0	0	0	0	0	0	0	0	0	0	0	0	0	0	0	0	0	0	0	0	0	0	0	0	0	0	0	0	0	0	0	0	0	0	0	0	0	0	0	0	0	0	0	0	0	0	0	0	0
2835	0	0	0	0	0	0	0	0	0	0	0	0	0	0	0	0	0	0	0	0	0	0	0	0	0	0	0	0	0	0	0	0	0	0	0	0	0	0	0	0	0	0	0	0	0	0	0	0	0	0	0	0	0	0	0	0	0	0	0	0	0	0	0	0	0	0	0
2841	1.22	0	0	559.95	0	0	0	0	0	0	0	0	0	0	0	0	0	0	0	0	135.47	0	0	0	0	0	0	0	0	0	0	0	0	0	0	0	0	0	0	0	0	0	0	0	0	0	0	0	0	0	239.18	0	0	0	0	0	0	0	0	0	0	0	0	0	0	0	0
284119	29.55	0	21.42	0	0	0	0	0	0	0	0	0.96	0	197.45	0	0	0	0	0	71.44	8.79	12.51	0.38	0	19.86	2.44	0	0	152.41	3.14	0	47.5	48.42	0	30.02	0	0	14.36	0	78.19	0	0	9.27	0	0	0	0	37.87	4.61	0	9.09	0	66.45	4.75	26.04	10.51	1.44	0	1.45	0	0	0	1.27	0	0	7.22	0
2875	0	0	0	0	0	0	0	0	0	0	0	0	0	0	0	0	0	0	0	0	0	0	0	0	0	0	0	0	0	0	0	0	0	0	0	0	0	0	0	0	0	0	0	0	0	0	0	0	0	0	0	0	0	0	0	0	0	0	0	0	0	0	0	0	0	0	0
2956	61.98	0	0	0	36.88	201.72	0	48.23	35.8	2.6	0	33.54	60.43	375.76	10.9	0	0	0	0	0	0.76	0	0	0.54	0	0	13.42	0	254.09	0	218.32	0	0	0	0	29.13	2.95	0	0	0	0	0.74	15.51	151.92	0	3.97	48.56	0	0	400.24	0	0	298.46	0	0	0	87.45	41.58	0	117.05	0	0	3.18	1.53	0	0	4.12
2982	15.23	0	499.74	0	16.25	0	0	280.15	0	0	0	9.13	0	2.22	69.11	0	0	0	0.33	0	0	646.72	239.64	0	0	0	5	0	3.43	0	0	0	0	78.04	0	2.97	104.13	29.88	0	0	55.37	0	0	0	310.08	52.86	0	0	0	0	4.14	0	0	0	0	133.88	0	0	0	0	4.94	42.25	113.26	33.52	33.4	49.84	81.86
29909	0	0	0	0	0	0	0	0	0	0	0	0	0	0	0	0	0	0	0	0	0	0	0	0	0	0	0	0	0	0	0	0	0	0	0	0	0	0	0	0	0	0	0	0	0	0	0	0	0	0	0	0	0	0	0	0	0	0	0	0	0	0	0	0	0	0	0
29944	0.43	0	0	0	0	0	0	0	155.91	0	0	0	0	0	0	0	0	0	0	0	0	0	0	0	0	0	0	0	0	0	0	0	0	0	0	0	0	0	0	0	0	0	0	0	0	0	0	0	0	0	0	0	0	0	0	0	0	0	0	0	0	0	0	0	0	0	0
2999	0	0	0	0	0	0	0	0	0	0	0	0	0	0	0	0	0	0	0	0	0	0	0	0	0	0	0	0	0	0	0	0	0	0	0	0	0	0	0	0	0	0	0	0	0	0	0	0	0	0	0	0	0	0	0	0	0	0	0	0	0	0	0	0	0	0	0
3002	11.21	0	0	0	0	0	0	0	0	0	0	0	0	0	0	0	0	0	0	0	0	0	0	0	0	0	0	0	0	0	0	0	0	0	0	0	0	0	0	0	0	0	0	0	0	0	0	0	0	0	0	0	0	0	0	0	0	0	0	0	0	0	0	0	0	0	0
301	624.86	2668.94	94.74	0	100.6	0	180.08	5.85	0	589.24	0	0	5.39	210.44	0	0	0	1.69	0	763.85	2164.2	0	13.93	93.33	349.45	0	1610	2.04	1203.7	0	0	76.99	2275.44	0	250.11	0	11.19	97.26	26.36	4391.64	258.96	863.87	545.12	0	0	6.32	3.59	19.64	5769.79	0	55.1	0	0	546.9	2.92	3370.6	0	143.24	0	0	0	86.85	427.51	216.36	1258.96	321.54	26.94
3055	1.72	0	0	0	0	0	0	0	0	0	0	0	0	0	0	0	0	0	0	0	0	0	0	0	0	0	0	0	0	0	0	0	0	0	0	0	0	0	0	0	0	0	0	0	0	0	0	0	0	0	0	0	0	0	0	0	0	0	0	0	0	0	0	0	0	0	0
313	10.12	0	0	0	0	0	0	0	0	0	0	0	0	0	0	0	0	0	0	0	0	0	0	0	0	0	0	0	0	0	0	0	0	0	0	0	0	0	0	0	0	0	0	0	0	0	0	0	0	0	0	0	0	0	0	0	0	0	0	0	0	0	0	0	0	0	0
3134	NA	NA	NA	NA	NA	NA	NA	NA	NA	NA	NA	NA	NA	NA	NA	NA	NA	NA	NA	NA	NA	NA	NA	NA	NA	NA	NA	NA	NA	NA	NA	NA	NA	NA	NA	NA	NA	NA	NA	NA	NA	NA	NA	NA	NA	NA	NA	NA	NA	NA	NA	NA	NA	NA	NA	NA	NA	NA	NA	NA	NA	NA	NA	NA	NA	NA	NA
3269	3.63	0	0	0	0	0	0	0	0	0	0	0	0	0	0	0	0	0	0	2.86	0	0	0	0	0	0	0	0	268.67	0	0	0	21.54	0	469.43	0	0	0	0	51.36	0	0	0	0	0	0	0	0	0	0	0	0	0	0	83.4	0	0	0	0	0	0	0	0	0.68	0	0	0
3338	27.6	0	0	0	0	0	0	0	0	491.91	12.22	0	60.68	0	0	0	0	1.05	0	0	0	0	33.73	0	0	0	0	0	0	0	0	0	0	0	0	0	4.9	0	0	4.85	0	0	19.75	0	2.32	0	89.1	0	0	0	0	0	0	0	0	0	0	0	0	0	0	61.25	0	0	49.68	0	0
3394	5.67	0	0	0	0	0	0	0	0	0	0	0	0	0	0	0	0	0	0	0	15.03	0	0	0	0	0	0	0	0	0	0	0	0	0	0	0	0	0	0	0	0	0	0	0	0	0	0	0	4.07	0	0	0	0	0	0	0	0	0	0	0	0	0	0	0	0	0	0
3458	0	0	0	0	0	0	0	0	0	0	0	0	0	0	0	0	0	0	0	0	0	0	0	0	0	0	0	0	0	0	0	0	0	0	0	0	0	0	0	0	0	0	0	0	0	0	0	0	0	0	0	0	0	0	0	0	0	0	0	0	0	0	0	0	0	0	0
3487	50.64	0	47.73	0	0	103.18	0	0	0	0	0	132.4	0	104.05	0	0	0	0	0	145.44	33.33	80.05	13.71	0	80.44	0	0	0	116.67	0	0	0.81	87.78	0	0	0	1.12	120.51	0	74.56	0	0	148.98	0	6.33	63.59	13.85	9.11	0	0	0	0	1.44	315.75	1.05	178.69	0	0	151.75	0	0	0	0	0	0	44.13	0
3491	69.33	0	0	0	36.55	0	2.19	0	0	0	0	20.83	0	251.82	0	0	0	49.62	106.8	0	0	0	144.23	0	214.19	840.96	148.91	0	0	0	73.85	341.41	21	0	0	0	90.64	159.93	25.97	25.92	0	0	38.85	1.59	0	118.01	0	33.61	18.05	0	859.6	0	27.63	0	0	525.35	10.11	9.53	846.03	68	138.92	0	197.35	0	135.3	13.3	115.33
3547	0	0	0	0	0	0	0	3.13	0	0	7.18	0	0	0	0	101.26	0	0	0	0	0	0	0	0	0	0	0	0	0	5.86	0	0	0	0	0	0	0	0	0	0	0	0	0	0	0	0	0	0	0	0	0	0	0	0	0	0	0	0	0	0	0	0	0	0	0	0	0
3560	0	0	0	0	0	0	0	0	0	0	0	0	0	0	0	0	0	0	0	0	0	0	0	0	0	0	0	0	0	0	0	0	0	0	0	0	0	0	0	0	0	0	0	0	0	0	0	0	0	0	0	0	0	0.73	0	0	0	0	0	0	0	0	0	0	0	0	0
3561	16.44	0	0	0	0	0	0	0	0	0	0	0	0	0	0	0	0	0	0	0	0	0	0	0	0	0	0	0	0	0	0	0	0	0	0	0	0	0	0	0	0	0	0	0	0	0	0	0	0	0	0	0	0	0	0	0	0	0	0	0	0	0	0	0	0	0	0
358	8.6	0	0	0	0	0	0	0	0	0	0	0	0	0.94	0	0	0	0	0	0	0	0	0	0	0	0	0	0	0	0	0	0	0	0	0	0	0	0	0	0	0	0	0	0	0	0	0	0	0	0	0	0	56.74	0	0	0	0	0	0	0	0	0	0	0	0	0	0
3587	10.01	0	0	0	0	0	0	0	0	0	0	0	0	0	0	0	0	0	0	0	0	0	0	0	0	0	0	0	0	0	0	0	0	0	0	0	0	58.71	0	0	0	0	0	0	0	0	0	0	0	0	0	0	0	0	0	0	0	0	0	0	0	0	0	0	0	0	0
3600	8.05	0	0	0	0	0	0	0	0	0	0	0	0	0	0	0	0	0	0	0	0	0	0	3.13	0	0	0	0	0	3.75	0	0	0	0	111.86	0	0	0	0	0	0	0	0	0	0	0	0	0	0	0	0	0	0	0	0	81.64	0	0	0	0	0	0	0	0	0	0	0
3601	15.11	0	0	0	0	0	0	0	0	0	0	0	0	0	0	0	0	0	0	0	0	0	0	0	0	0	0	0	0	0	0	0	0	0	6.15	0	0	11.96	0	0	0	0	0	0	0	0	0	0	0	0	0	0	0	0	0	0	0	0	0	0	0	0	0	0	0	0	0
3624	3.03	0	0	0	0	82.57	0	0	0	0	0	0	0	0.41	0	0	0	0	0	0	0	25.91	0	0	0	4.52	0	0	0	0	0	0	0	0	0	0	0	0	0	0	0	0	0	0	0	0	0	0	0	0	66.13	0	0	0	39.31	121.08	0	0	0	0	0	0	0	0	0	0	0
3627	168.59	0	0	0	0	0	35.47	0	0	0	0	545.84	0	0	0	0	0	0	0	0	0	0	3671.63	0	0	0	0	0	0	0	0	0	0	0	0	0	0	0	0	0	0	0	0	0	0	0	0	0	0	0	0	0	0	0	0	0	0	0	0	0	0	2.02	0	0	0	0	0
3659	185.33	0	399.07	4.78	0	1.34	573.5	145.36	0	5.74	4.41	115.36	98.99	100.12	201.43	0	207.33	112.94	653.26	0	0.73	0	100.05	395.91	0	0	0	1.67	0	585.15	456.02	0	0	194.38	0	400.33	374.47	3.86	1.33	2.43	3.05	0	43.13	186.67	0	30.29	83.82	0	756.05	1308.17	179.67	0	19.18	297.97	85.55	213.32	92.92	186.23	0	57.39	5.98	138.55	174.94	19.57	92.56	17.96	109.04
3671	85.25	0	0	1.26	0	0	0	0	0	0	0	0	0	52.08	0	0	0	0	0	0	0	0	0	0	0	436.4	0	0	5.51	0	0	0	0	0	0	0	0	0	0	0	0	0	151.76	0	0	83.35	25.85	0	1172.95	0	103.26	0	0	0	1.06	64.34	0	0	191.09	0	0	5.57	2.33	0	0.3	0	0
3678	63.33	0	0	0	0	0	0	0	0	0	0	0	0	0	0	0	0	0	0	0	725.09	0	0	0	0	43.73	0.35	0	4.42	0	0	0	51.74	0	76.9	0	0	0	0	244.87	0	0	11.87	0	0	0	0	4.88	9.61	0	0	0	0	127.28	26.73	69.88	0	0	0	0	11.89	1.37	0	0	0	0	0
3683	0	0	0	0	0	0	0	0	0	0	0	0	0	0	0	0	0	0	0	0	0	0	0	0	0	0	0	0	0	0	0	0	0	0	0	0	0	0	0	0	0	0	0	0	0	0	0	0	0	0	0	0	0	0	0	0	0	0	0	0	0	0	0	0	0	0	0
3702	0	0	0	0	0	0	0	0	0	0	0	0	0	0	0	0	0	0	0	0	0	0	0	0	0	0	0	0	0	0	0	0	0	0	0	0	0	0	0	0	0	0	0	0	0	0	0	0	0	0	0	0	0	0	0	0	0	0	0	0	0	0	0	0	0	0	0
3717	20.97	0	0	0	0	0	0	0	0	0	0	0	0	0	0	0	0	0	0.27	94.89	0	0	0	0.34	0	0	0	0	0	0	0	0	0	0	0	0.55	0	0	0	0	0.67	0	0	0	0	0	0	0	0	0	0	0	0	0	0	0	4.07	0	0	0	0	0	0	0	0	0	0
3720	0.82	0	10.54	3.66	0	0.46	2.23	4.33	0	0	1.1	9.01	8.4	0	0	0	0	0	2.77	0	1.36	0	28.25	19.51	0	0	0.31	0	0	0	0	0	0	0	21.68	0	0	0	0	0	0	3.21	0	0	1.88	0	5.69	0	0	16.95	0	0	0	13.32	0	8.67	0.96	0	0	0	4.27	8.25	1.49	0.52	0.33	0	0
373156	142.88	1678.48	0	0	359.67	515.35	678.12	251.31	0	192.69	298.15	67	60.42	0	0	0	3.68	22.13	4.84	3.48	0	0	71.67	557.16	95.56	29.02	106.62	493.9	280.59	402.01	128.06	0	25.96	670.35	0	16.41	647.76	195.98	0	27.74	279.63	18.74	286.87	287.68	332	223.79	209.22	57.14	0	231.96	811.55	34	1959.97	0	0	64.36	348.76	209.47	0	54.66	304.6	116.39	26.1	0	258.05	1.93	38.85
3749	0.53	0	0	0.8	0	0	0	0	0	0	0	0	0	0	0	0	0	0	0	13.78	0	0	0.51	0	0	0	0	0	0	0	0	0	8.29	0.77	39.71	0	0	0	0	9.65	0	0	0	0	0	0	0	30.2	0	0	0	0	0	0	0	0	0	0	0	0	0	0	0	0.15	0	0	0
3755	0	0	0	0	0	0	0	0	0	0	0	0	0	0	0	0	0	0	0	0	0	0	0	0	0	0	0	0	0	0	0	0	0	0	0	0	0	0	0	0	0	0	0	0	0	0	0	0	0	0	0	0	0	0	0	0	0	0	0	0	0	0	0	0	0	0	0
3820	0	0	0	0	0	0	0	176.58	0	0	0	0	0	0	0	0	0	0	0	0	0	0	0	0	0	0	0	0	0	0	0	0	0	0	0	0	0	0	0	0	0	0	0	0	0	0	0	0	0	0	0	0	0	0	0	0	0	0	0	0	0	0	0	0	0	0	0
3855	19.92	0	0	26.03	0	153.08	551.39	0	53.15	0	0	2.25	0	0	0	0	0	0	36.09	0	0	0	0	0	0	0	77.77	0	0	42.05	0	0	0	174.91	0	180.58	93.69	0	0	0	0	8.23	0	0	0	55.49	0	0	0	0	0	0	0	0	0	0	59.47	67.77	0	14.73	0	0	0	0	0	16.03	201.22
3898	12.67	0	0	3.66	0	22.04	0	3.69	0	1.79	0	57.07	0	0	0	0	0	0	0	0	0	0	0	9.66	0	0	5.63	0	0	0	0	0	0	4.79	0	0	7.3	0	2.12	0	0	0	0	0	0	3.5	4.31	0	0	0	0	0	0	0	0	0	0	167.7	0	0	0	0	0	0	0	0	0
3902	0	0	0	0	0	0	0	0	0	0	0	0	0	0	0	0	0	0	0	0	0	0	0	0	0	0	0	0	0	0	0	0	0	0	0	0	0	0	2.56	0	0	0	0	0	0	0	0	0	0	0	0	0	0	0	0	0	0	0	0	0	0	0	0	0	0	0	0
3910	92.55	18.87	699.74	0	0	0	0.26	0	0	0	0.47	27.39	0	0	0	0	0	1591.69	0	192.45	1214.73	0	62.36	0	11.26	151.12	15.93	0	42.29	2.01	0	0.28	223.39	0	63.36	0	0	234.17	0	414.04	0	0	7.14	0	3.07	0	1.56	211.7	172.94	0	0	0	143.48	0	16.56	0	0	0	178.66	0	108.54	54.05	20.97	0	0	92.55	36.43
3912	219.49	0	500.53	0	0	0	0	0	0	613.8	0	85.72	0	67.71	0	0	0	0	0	38.9	373.56	0	1131.83	0	0	14.9	3.23	0.84	273.24	0	0	261.75	236.29	0	140.57	0	1.69	451.39	219.34	410.23	0	0	377.34	0	0	0	66.09	205.94	796.72	0	228.81	0	2.17	148.45	212.99	178.97	0	0	405.92	0	0	0	0	51.19	4.5	0	0
3925	1267.23	22.72	0	702.22	14492.52	2888.16	1900.08	4095.74	0	27.06	11678.75	934.31	397.21	0	2407.97	38.73	23.3	5581.37	82.76	721.17	0	0	746.95	107.01	0	0	56.67	2604.55	1.98	1231.53	676.88	948.75	169.72	370.27	0	1049.22	910.68	2645.62	4.96	26.26	363.48	545.55	2226.19	0	950.28	2081.61	328.84	972.67	0	6129.3	0	2752.07	0	0	75.13	98.47	198.78	236.87	4653	6758.28	6791.14	1262.51	1327.34	233.11	2215.67	40.03	2689.06
3934	99.73	0	0	346.38	320.13	0	428.73	0	0	0	0	0	0	0	0	214.97	2.89	128.37	0	0	0	0	0	377.48	0	0	0	0	0	63.06	147.36	0	0	188.62	0	444.2	630.15	0	721.73	0	539.58	0	25.92	0	0	201.37	41.19	346.05	0	0	0	0	951.14	0	0	0	18.42	358.17	0	5.24	70.11	0	0	41.69	256.34	0	0
3937	6.3	0	0	0	0	0	0	0	0	0	0	0	0	0	0	0	0	0	0	0	0	0	2.74	0	0	0	0	0	0	0	0	0	0	0	20.84	0	0	17.69	0	0	0	0	0	0	0	0	0	0	0	0	0	0	0	0	0	0	0	0	0	0	0	0	0	0	0	0	0
3956	761.93	0	1348.93	0	341.64	16.46	0	0	12.59	201.67	86.33	289.35	0	1462.98	8.71	0	0	1650.42	15.16	2520.67	299.56	1592.25	3701.7	0	1497.05	675.47	0	201.55	7221.05	1129.41	0	5682.39	2180.89	0	752.29	0	126.65	5390.86	16.11	3940.7	597.43	0	766.95	0	0	90.74	436.68	67.67	957.64	88.35	928.5	0	557.19	126.39	733.61	3414.55	0	193.95	2198.85	107.9	13.95	240.46	30.44	24.68	6.97	307.88	892.99
3975	NA	NA	NA	NA	NA	NA	NA	NA	NA	NA	NA	NA	NA	NA	NA	NA	NA	NA	NA	NA	NA	NA	NA	NA	NA	NA	NA	NA	NA	NA	NA	NA	NA	NA	NA	NA	NA	NA	NA	NA	NA	NA	NA	NA	NA	NA	NA	NA	NA	NA	NA	NA	NA	NA	NA	NA	NA	NA	NA	NA	NA	NA	NA	NA	NA	NA	NA
3980	11.96	0	0	1.5	0	0	7.96	21.2	0	0	42.4	0	9.59	0	0	0	0	0	2.32	0	0	0	0	0	0	0	0	0	0	3.59	0	0	0	0	0	57.14	6.38	0	117.93	0	0	0	0	0	0	0	1.1	0	0	0	0	0	47.02	0	22.08	11.94	95.69	0	0	0	0	0	0	11.13	0	0	0
399	9.14	0	0	0	0	0	0	0	0	0	0	0	0	0	0	0	0	0	0	0	0	0	0	0	0	0	0	0	0	0	0	0	0	0	0	0	0	0	0	0	0	0	0	0	0	0	0	0	0	0	0	0	0	0	0	0	0	0	0	0	0	0	0	0	0	0	0
3990	0	0	0	0	0	0	0	0	0	0	0	0	0	0	0	0	0	0	0	0	0	0	0	0	0	0	0	0	0	0	0	0	0	0	0	0	0	0	0	0	0	0	0	0	0	0	0	0	0	0	0	0	0	0	0	0	0	0	0	0	0	0	0	0	0	0	0
4015	108.29	0	0	0	0	0	0	0	0	0	0	0	0	0	0	0	0	0	0	0.95	0	0	0	0	0	0	0	0	280.69	0	0	0	22.4	0	23.02	0	0	301.88	0	80.81	70.77	0	0	0	0	0	1.84	41.72	0	0	20.21	0	0	0	0	197.61	0	0	0.54	0	0.29	6.71	0	0	0	0	0
4016	5.4	0	0	0	0	0	0	0	0	0	0	0.81	0	136.09	0	0	0	0	0	0	0	0	0	0	0	0	0	0	0	16.27	0	0	0	0	0	0	0	0	0	0	0	0	0	0	0	0	0	0	0	0	56.25	0	0	0	0	0	0	0	14.52	0	0	0	0	0	0	0	0
4017	81.01	0	0	0	0	2.96	0	0	0	0	0	9.86	0	0	0	0	0	0	0	39.15	0	0	0.41	0	0	0	0	0	2.12	0	0	45.7	0	0	0	0	0	8.27	0	25.81	0	0	0	0	0	0	0	0	130.24	0	0	0	0	3.43	50.13	85.89	0	0	0	0.97	0	0	0	0	0	0	0
4035	11.18	0	0	0.33	0	5.53	0	0	0	0	0	0	0	0	0	0	0	0	0	6.17	0	55.37	17.17	0	6.36	55.64	0	0	4.3	0.66	0	0	1.49	0	0	0	0	0	74.98	1.96	0	2.95	12.31	0	0	0	23.31	0	0	0.36	28.22	0	0	10.16	25.33	16.66	0	0	24.15	0	0	0	0	1.89	1.21	0.33	0
4060	3001.82	0	0	4.52	0	230.19	0	0	0	0	0	0	0	0.85	0	0	0	0	0	10568.69	3.19	0	0	0	2488.65	2542.1	0	1.89	6385.88	1310.01	0	1303.49	0	4.62	0	0	2.97	2.12	84.23	0	4.67	0	267.52	0	11.52	2.65	98.71	0	2321.64	4.45	302.33	0	3.51	3312.55	6688.11	3938.89	0	0	76.76	6.07	0	0	16.11	0	2.17	0	0
4082	315.07	1.79	89.71	84.25	1.64	160.28	26.27	47.93	0	163.11	92.9	655.64	0	0	0	0.61	0	174.9	128.96	2099.24	78.79	0	581.46	32.04	1107.98	0.54	122.77	0	517.95	62.21	0	1043.55	414.91	0	244.45	43.9	59.26	1505.55	27.45	793.59	0	0	599.12	497.35	406.53	0	28.92	283.55	895.08	1.92	111.75	0	100.62	131.85	253.08	1237.54	63.77	0	913.4	138.11	0	0	151.51	0	0.44	280.91	0
412	11.69	0	35.68	0	0	0	0	0	196.66	0	0	0	3.86	0	0	0	0	0	0	0	0	0	8.39	0	0	0	0	0	0	0	0	0	0	0	0	0	0	0	0	0	0	0	0	0	0	0	0	0	0	0	0	0	0	0	0	0	0	0	0	0	0	0	0	0	0	0	0
414	21.6	1.96	0	0	0	0	0	25.94	0	0	36.24	7.28	0.7	0	0	0	1.47	16.35	303.38	5.17	0	0	0	1.72	0	0	0.68	0	0	4.55	0	0	0	0	0	19.83	4.86	0	0	0	0	0	6.76	0	0	0	5.68	0	0	0	0	0	0	43.96	49.17	0	1.04	0	0	0	12.79	0	0	4.59	0	29.69	0
4232	242.05	0	0	0	0	0	820.78	57.19	169.27	0	555.35	445.92	224.22	0	0	0	0	940.65	0	0	0	0	316.25	0	0	0	89.03	0	0.92	42.16	145.33	0	33.62	0	0	51.75	290.5	0	0	38.1	491.12	0	0	375.78	343.9	61.16	452.54	1.33	0	6.68	0	0	0	165.65	0	164.48	306.58	0	0	44.4	460.45	944.05	203.06	0	0	0	4.67
4237	378.06	61.8	0	0	0	0	328.89	2095.54	2059.41	43.31	22.17	177.18	0	0	15.73	0	268.69	7.74	0	822.86	0	0	0	525.83	0	39.83	1738.87	11.67	2360.91	490.04	6.77	0	28.44	0	0	9.73	0	0	0	45.89	14.25	688.51	9.03	64.94	88.47	45.61	2268.75	331.2	849.54	450.11	552.83	269.07	0	170.99	715.95	142.46	586.74	103.36	0	81.39	0	132.08	0	16.34	424.62	10.55	3.93
4250	0	0	0	0	0	0	0	0	0	0	0	0	0	0	0	0	0	0	0	0	0	0	0	0	0	0	0	0	0	0	0	0	0	0	0	0	0	0	0	0	0	0	0	0	0	0	0	0	0	0	0	0	0	0	0	0	0	0	0	0	0	0	0	0	0	0	0
4283	5.91	0	0	0	0	0	0	0	0	0	0	0	0	0	0	0	0	0	0	0	0	0	0	0	0	0	0	0	0	0	0	0	0	0	0	0	0	0	0	0	0	0	0	0	0	0	0	0	0	0	0	0	0	0	0	0	0	0	0	0	0	0	0	0	0	0	0
4313	308.65	0	0	0	0	50.37	0.5	0	0	0	0	0	0	6.31	0.83	0	0	0	0	672.37	0	0	0	0	2094.71	380.59	0	0	486.93	135.36	0	0	272.67	0	56.68	0	0	0	31.08	612.14	0	0	122.42	0	0.84	0	33.06	7.32	304.07	0	308.79	0	0	71.85	426.08	177.05	0	5.48	683.68	0	48.39	0.55	94.24	1.58	0.17	0	0
4320	5.05	0	0	45.13	0	0	0	0	0	0	0	0	0	0	0	0	0	0	0	0	0	18.7	0	0	0	0	0	0	0	0	0	0	0	0	0	0	0	88.6	0	0	16.75	0	1.81	0	0	0	24.51	0	0	0	0	0	0	0	0	0	0	0	0	0	0	0	0	0	0	0	0
4322	0	0	0	0	0	0	0	0	0	0	0	0	0	0	0	0	0	0	0	0	0	0	0	0	0	0	0	0	0	0	0	0	0	0	0	0	0	0	0	0	0	0	0	0	0	0	0	0	0	0	0	0	0	0	0	0	0	0	0	0	0	0	0	0	0	0	0
4323	14.51	0	0	9.1	0	0	0	0	0	0	0	0	0	10.86	0	0	0	0	0	26.1	0	0	4.25	0	0	0	1.93	0	100.39	0	0	0	0	0	0	0	0	0	0	16.71	0	0	16.18	0	0	0	0	0	6.51	0	0	0	0	0.81	2.38	34.67	0	0	0	0	0.94	0	0	0	0	0	0
4327	64.02	0	0	0	0	0	0	0	0	0	0	0	0	1.32	0	0	0	0	0	541.8	0	0	17.38	0	0	0	0	0	136.8	16.43	0	0	36.25	0	0	0	0	0	0	71.88	0	0	0	0	0	0	0	0	0.57	0	0	0	0	0	638.71	150.59	0	0	58.14	0	0	1.3	63.48	0	0	0	0
4332	12.03	0	0	0	0	0	0	0	0	0	0	0	0	0	0	0	0	0	0	0	0	0	0	0	0	0	0	0	0	0	0	0	0	0	0	0	0	0	0	0	0	0	0	0	0	0	0	0	0	0	0	0	0	0	0	0	0	0	0	0	0	0	0	0	0	0	0
4440	0.54	0.88	0	0	0	0	0	0	0	0	0	0	0	0	0	0	0	0	0	0	0	0	0	0	0	0	0	0	0	0	0	0	0	0	0	2.55	0	0	0	0	0	0	0	0	0	0	6.59	0	0	0	0	0	0	0	0.76	0	0	0	0	0	0	0	0	0	0	0	0
4486	2.72	1.73	0	0	0	0	0	0	0	0	0	0	0	0	0	0	0	45.54	0	0	0	0	0	0	0	0	0	0	0	0	0	0	0	0	0	0	0	0	0	0	444.42	0	0	0	0	0	0	0	0	0	0	0	0	0	0	0	0	0	0	0	0	0	0	0	0	0	0
4624	0	0	0	0	0	0	0	0	0	0	0	0	0	0	0	0	0	0	0	0	0	0	0	0	0	0	0	0	0	0	0	0	0	0	0	0	0	0	0	0	0	0	0	0	0	0	0	0	0	0	0	0	0	0	0	0	0	0	0	0	0	0	0	0	0	0	0
4665	4.59	0	0	11.71	0	0	0	0	0	0	4.76	0	0	0	0	0	0	0	0	2.21	0	0	0	10.03	0	41.8	0	0	0	0	0	0	10.36	0	0	0	6.18	0	0	60.87	0	0	0	0	0	0	0	0	0	170.84	0	0	0	0	0	19.51	22.43	0	0	17.16	0	0	0	0	0	0	2.88
4673	432	4.17	1917.52	9.92	970.94	439.93	202.86	726.17	0.3	167.24	1226.33	105.86	12.95	3023.29	475.28	8.97	327.49	18.24	1278.87	517.29	957.07	3924.91	898.84	135.98	56.94	101.59	0	999.05	268.14	37.75	0	1999.85	1181.53	213.2	29.87	93.9	143.43	229.39	41.13	2015.28	673.49	204.82	768.64	0	559.15	9.53	398.64	134.01	2.83	0	1339.98	302.31	112.71	388.58	332.46	386.84	173.61	781.39	2474.14	529.64	64.25	259.63	21.96	41.35	138.13	1684.63	0
4681	8.66	0	0	0	0	0	0	0	0	0	0	0	0	2.73	0	0	0	0	0	17.42	0	128.11	0	0	19.84	3.79	0	0	6.17	23.68	0	1.84	0	0	0	0	0	75.93	0	7.76	0	0	0	0	0	0	2.65	0	20.94	0	112.49	0	0	0	4.77	13.51	0	0	0	0	0	0	0	0	0	0	0
4688	0	0	0	0	0	0	0	0	0	0	0	0	0	0	0	0	0	0	0	0	0	0	0	0	0	0	0	0	0	0	0	0	0	0	0	0	0	0	0	0	0	0	0	0	0	0	0	0	0	0	0	0	0	0	0	0	0	0	0	0	0	0.96	0	0	0	0	0
4689	3.88	0	0	0	0	0	0	0	0	0	0	0	0	0	0	0	0	0	0	0	0	0	0	0	0	0	0	0	0	0	0	0	0	0	0	0	0	0	0	0	0	0	0	0	0	0	0	0	0	0	0	0	0	0	0	0	0	0	0	0	0	0	0	0	0	0	0
4745	0.89	0	0	0	0	0	0	0	0	0	0	0	0	0	0	0	0	22.57	0	0	0	0	0	0	0	0	0	0	0	0	0	0	0	0	0	0	0	0	0	0	0	0	0	0	0	0	0	0	0	0	0	0	0	0	0	0	1.86	0	0	0	0	0	0	0	0	0	0
477	13.73	0	0	0	0	0	0	0	0	0	0	2.39	0	0	0	0	0	0	0	0	0	0	0	0	0	0	0	0	0	0	0	0	0	0	0	0	0	0	0	0	0	0	0	0	0	0	0	0	0	0	0	0	0	0	0	0	0	0	0	0	0	0	0	0	0	0	0
4818	5.06	0	0	0	0	0	0	0	0	0	0	0	0	0	0	0	0	0	0	0	0	0	0	0	0	0	0	0	0	0	0	0	0	0	0	0	0	0	0	0	0	0	0	0	0	0	0	0	0	0	0	0	0	0	0	0	0	0	0	0	0	0	0	0	0	0	0
482	1.01	0	0	0	0	0	0	0	0	0	0	8.24	0	0	0	0	0	0	0	0	0	0	40.23	0	0	0	6.37	0	0	0	0	0	0	0	0	0	0	0	0	0	0	0	0	0	0	0	0	0	0	11.51	0	0	0	0	0	0	0	0	0	1.11	0	0	0	0	0	60.41	0
4837	665.94	0	200.22	0	0	638.45	0	0	230.2	0	0	278.64	0	2835.32	0	0	0	0	0	272.65	0	146.49	0	0	2083.61	2294.51	0	0	2433.86	1107.09	0	0	445.63	0	0	0	0	0	216.93	766.82	0	0	0	0	16.04	0	0	0	302.21	0	644.09	0	6.53	191.51	534.13	852.34	40.03	0	27.33	0	320.23	40.36	73.68	0	0	371.08	0
4854	0.87	0	2.64	0	0	0.29	4.95	5.35	0	0	0.7	2.25	0.82	0	3.47	0	0.43	0	0	5.5	0	1.2	8.5	0.21	0	0	0.47	0	4.56	0	0.54	7.41	0	0	0	0	0.26	2.3	0	0	6.43	1.53	0.79	0	0	0	0	0	0	0.31	0	0	0	15.28	0	0	0	0.66	0	0	0.17	0.23	0	0	0.35	0.77	0
4857	13.69	0	0	0	0	0	0	3.05	0	0	7.47	0	0	0	0	0	0	0	0	0	0	0	0	0	0	0	0	0	0	0	0	0	0	0	0	0	11.1	0	0	0	0	0	0	0	0	0	0	2.87	0.51	24.02	0	0	0	0	0	52.69	0	0	0	0	0	0	136.75	0	0	0	0
4881	27.88	0	0	212.87	0	8.28	0	0	0	57.29	0	16.22	54.57	0	9.16	0	2.41	0	0	0	0	0	0.68	0	0	0	6.91	1.98	0	65.96	0	1.07	0	15.46	0	5.1	0	0	0	0	0	20.54	2.26	0	10.46	0	9.97	0	0	0	0	0	0	0	0	0	342.57	28.59	0	0	0	1.3	3.13	1.87	13.24	0	2.02
4907	37.23	0	0	0	0	0	0	0	0	4.35	0	0	0	0	0	0	0	0	0	0	3.26	0	0	0	0	0	0	0	0	0	0	0	0	0	0	0	0	0	0	0	1.03	0	41.2	0	0	0	9.51	0	0	0	0	0	0	0	0	0	0	0	0.79	0	0	0	0	0	0	0	0
4921	10.79	0	1.9	0	0	0.86	0	0	0	0	0	0	0	9.63	0	0	0	0	0	20.09	0	0	0	0	10.32	115.44	0	0	0.88	0.65	0	6.78	60.65	0	0	0	0	7.15	55.34	222.56	0	0	8.04	0	0	0	21.42	0	0	0	0	0	0	4.24	359.56	86.59	0	0	46.87	13.09	0	0	0	0	0	4.52	0
4953	24.99	104.71	0	2.02	0	1.01	112.36	38.5	0	1.39	42.27	0	37.12	0	33.79	0	50.54	2.95	0	0	0	0	0	156.78	0	0	192.44	0	13.83	5.36	0	0	134.66	0	0	123.45	0	0	0	124.51	0	0	39.91	0	293.47	12.15	91.6	7.42	0	11.73	3.77	0	961.05	0	15.37	7.2	0	12.71	0	13.41	159.75	11.1	0	0	529.08	4.69	1.75
4958	10.71	0	0	0	0	570.94	0	173.52	0	0	79.81	0	0	0	0	384.05	0	0	0	0	0	0	0	0	0	0	0	0	0	0	0	0	9.76	0	0	0	0	0	0	0	0	0	0	0	0	73.01	0	0	0	0	0	0	0	0	0	0	0	0	0	0	0	273.64	0	0	0	0	0
5016	0	0	0	0	0	0	0	0	0	0	0	0	0	0	0	0	0	0	0	0	0	0	0	0	0	0	0	0	0	0	0	0	0	0	0	0	0	0	0	0	0	0	0	0	0	0	0	0	0	0	0	0	0	0	0	0	0	0	0	0	0	0	0	0	0	0	0
5047	21.03	0	0	0	0	0	0	0	0	0	0	0	0	0	0	0	0	0	0	0	0	0	0	0	0	0	0	0	0	0	0	0	0	0	0	0	0	0	0	0	0	0	0	0	0	0	0	0	0	0	0	0	0	0	0	0	0	0	0	0	0	0	0	0	0	0	0
50509	0	0	0.86	0	0	0	0	0	0	0	0	0	0	0	0	0	0	0	0	0	0	0	0.46	0	0	0	0	0	0	0	0	0.81	0	0	0	0	0	1.36	0	0	0	0	0	0	0	0	0	0	0	0	0	0	0	0.96	0	0	0	0	0	0	0.24	0	0	0	0	3.57	0
50615	0	0	0	0	0	0	0	0	0	0	0	0	0	0	0	0	0	0	0	0	0	0	0	0	0	0	0	0	0	0	0	0	0	0	0	0	0	0	0	0	0	0	0	0	0	0	0	0	0	0	0	0	0	0	0	0	0	0	0	0	0	0	0	0	0	0	0
50856	0	0	0	0	0	0	0	0	0	0	752.36	324.54	0	0	1141.66	0	0	0	0	0	0	0	0	0	0	0	0	0	0	0	0	0	0	0	62.49	0	0	0	0	0	0	0	0	0	0	24.38	0	0	0	0	0	0	0	0	0	0	0	0	0	0	0	0	0	0	0	0	0
5118	222.89	0	0	0	0	139.42	0	0	0	15.95	0	20.82	0	25.03	0	0	0	0	5.38	32.52	0	12.79	3.56	0	0	0	0	0	417.44	0	0	365.71	298.87	31.78	0	9.87	0	2.21	0	705.99	297.43	7.12	0	0	0	0	83.05	0	5.56	0	248.51	0	0	0	601.58	384.17	140.19	0	0	0	0	0	3.05	0	0	10.69	0
51205	14.34	0	0	3.67	0	0	0	0	636.42	0	1.33	0	0	0	0	0	0	0.18	0	0	0	0	0	0	0	0	0	0	0	0	0	0	0	61.74	0	0	20.2	0	0	0	0	0	0	0	390.57	22.04	0	0	0	0	0	0	0	0	0	0	0	0	0	0.48	0	0	0	0	0	0	0
51222	0	0	0	0	0	0	0	0	0	0	0	0	0	0	0	0	0	0	0	0	0	0	0	0	0	0	0	0	0	0	0	0	0	6.2	0	0	0	0	0	0	0	0	0	0	0	0	0	0	0	0	0	1.66	0	0	0	0	0	0	0	0	0	0	0	0	0	0	0
51281	0	0	0	0	0	0	0	0	0	0	0	0	0	0	0	0	0	0	0	0	0	0	0	0	0	0	0	0	0	0	0	0	0	0	0	0	0	0	0	0	0	0	0	0	0	0	0	0	0	0	0	0	0	0	0	0	0	0	0	0	0	0	0	0	0	0	0
51310	3.69	0	0	0	0	2.68	0	0	0	0	0	0	0	0	0	0	0	0	0	39.57	0	0	0	0	0	0	0	0	0	7.46	0	0	0	0	0	0	0	0	0	0	0	122.98	6.6	0	0	9.74	0	0	5.43	20.34	4.25	0	0	0	0	39.09	3.46	64.93	0	0	0	0	0	0	0	0	0
51311	0	0	0	0	0	0	0	0	0	0	0	0	0	0	0	0	0	0	0	0	0	0	0	0	0	0	0	0	0	0	0	0	0	0	0	0	0	0	0	0	0	0	0	0	0	0	0	0	0	0	0	0	0	0	0	0	0	0	0	0	0	0	0	0	0	0	0
51338	17.65	0	0	0	0	0	0	0	0	0	0	0	0	0	0	0	0	0	0	0	0	0	0	0	0	0	0	0	0	0	0	0	0	0	0	0	0	0	0	0	0	0	0	0	0	0	0	0	0	0	0	0	0	0	0	0	0	0	0	0	0	0	0	0	0	0	0
51368	46.66	0	0	0	0	0	587.49	4.16	0	0	0	0	95.26	0	0	0	0	0	0	33.1	0	0	35.64	0	0	0	4.72	0	1.65	0	479.19	18.34	0	0	0	87.35	45.15	0	0	0	39.96	0	0	0	0	0	0	0	0	0	0	0	0	0	0	0	36.06	0	42.72	0	0	0	64.05	0	308.02	0	0
51411	0	0	0	0	0	0	0	0	0	0	0	0	0	0	0	0	0	0	0	0	0	0	0	0	0	0	0	0	0	0	0	0	0	0	0	0	0	0	0	0	0	0	0	0	0	0	0	0	0	0	0	0	0	0	0	0	0	0	0	0	0	0	0	0	0	0	0
5156	75.35	0	0	0	0	29.44	0.24	0	0	0	0	0	0	12.03	0	0	0	0	0	248.19	0	0	0	0	117.49	68.81	0	0	59.75	0	0	0	0	0	0	0	0	0	58.01	3.48	0	0	25.74	0	0	1.16	77.43	0	254.51	0	22.8	0	0	0	4.95	724.99	0	0	8.27	0	0	0	0	0	0	0	0
5159	12.61	0	345.78	0	0	0	0	0	0	3.9	0	183.22	0	0	0	0	0	0	0	63.78	0	64.32	52.37	0	0	0.6	0	0	0	0	0	55.15	0	0	0	0	0	73.24	0	0	0	0	0	0	0	0	0	0	0	0	0	0	0	0	0	0	0	0	38.22	0	0.39	0	0	0	0	44.83	0
51703	12.31	0	0	0	0	0	0	0	0	0	0	0	0	0	0	0	0	0	0	0	0	0	0	0	0	0	0	0	0	0	0	0	0	0	0	0	0	0	0	0	0	0	0	0	0	0	0	16.46	0	0	0	0	0	0	0	0	0	0	0	0	0	0	0	0	0	0	0
5176	47.88	0	0	0	0	16.3	0	0	0	0	0	0	0	0	0	0	0	0	0	73.1	0	0	6.04	0	0	2102.88	0	0	485.94	0	0	0	129.43	0	0	0	0	0	0	423.61	0	0	84.7	0	0	0	0	0	33.86	0	155.28	0	0	0	129.52	34.52	0	0	0	0	0	0	0	0	0	10.26	0
5213	45.71	0	0	1.78	0	93.04	17.26	1.36	0	0	0	46.08	0	0	0	724.41	57.13	0.84	0	23.51	0	1.75	0	0	0	0	323.85	0	0	0	58.47	0	0	0	53.78	3.94	0.77	0	152.61	0	0	124.88	0	398.65	0	27.37	0	27.79	0	0	0	199.37	0	74.54	0.81	0	130.73	0	0	51.27	0	8.1	0	0	14.53	0	41.82
525	6.3	0	0	0	0	0	0	16.02	0	0	0	0	0	0	0	0	0	0	0	0	0	0	0	0	0	0	0	0	0	0	0	0	0	1.61	0	0	0	0	0	0	0	0	0	0	0	0	0	0	0	0	0	0	0	0	0	0	0	0	0	0	0	0	0	0	4.55	0	0
5284	0	0	0	0	0	0	32.53	0	0	0	0	0	0	0	0	0	0	0	0	0	0	0	0	0	0	0	0	0	0	0	0	0	0	31	0	0	0	0	0	0	0	0	0	0	0	0	0	19.69	0	0	0	0	0	0	0	0	0	0	0	0	0	0	0	0	0	0	0
5294	0	0	0	0	0	0	0	0	0	0	0	0	0	0	0	0	0	0	0	0	0	0	0	0	0	0	0	0	0	0	0	0.44	0	0	0	0	0	0	0	0	0	0	0	0	0	0	0	0	0	0	0	0	0	0	0	0	0	0	0	0	0	0	0	0	0	0	0
5304	0	0	0	0	0	0	0	0	0	0	0	0	0	0	0	0	0	0	0	0	0	0	0	0	0	0	0	0	0	0	0	0	0	0	0	0	0	0	0	0	0	0	0	0	0	0	0	0	0	0	0	0	0	0	0	0	0	0	0	0	0	0	0	0	0	0	0
5307	2.05	0	0	0	0	0	0	0	0	0	0	0	0	0	0	0	0	0	0	0	0	0	0	0	0	0	0	0	0	0	0	0	0	0	0	0	0	0	0	0	0	0	0	0	0	0	0	0	0	0	0	0	0	0	0	0	0	0	0	0	0	0	0	0	0	0	0
5326	1.34	0	0	0	0	0	0.27	0	0	0	0	0	0	0.44	0	0	0	0	0	0	0	2.76	0	68.43	0	2.01	0.31	0	106.32	0	8.43	0	63.83	0	0	0	0.79	37.15	0	233.41	0	0	0	0	0	0	0	0	0	2.37	0	0	0	0	0	22.31	0	1.53	0	1.77	0	0	0	0	0	0	0
5328	30.59	0	0	0	0	0	0	0	0	0	0	0	0	0	0	0	0	0	0	0	0	0	0	0	0	0	0	0	0	12.44	0	0	0	0	0	0	0	0	0	0	0	0	0	0	0	0	0	0	0	0	0	0	0	0	0	0	455.44	0	0	0	0	0	0	0	0	0	0
5332	0.56	0	0	0	0	0	0	0	0	0	0	0	0	0	0	0	0	6.02	0	0	0	0	0	0	313.54	0	0	0	0	80.45	0	0	0	0	0	0	0.41	0	0	0	0	0	0	0	0	0	0	21.42	0	0	0	0	99.6	0	0	0	0	0	0	0	0	0	0	0	0.11	0	0
5335	0.21	0	0	0	0	0	0	0	0	0	0	0	2.42	0	0	0.35	0	0.24	0	0	0	0	0	0	0	0	0	0	0	0	0	0	0	0	20.87	0	0	0	0	0	0	0	0	0	0	0	0	0	0	0	0	0	0	0	0	0	1.43	0	0	0	0	0	0	0	6.12	0	0
5341	10.67	0	0	0	0	0	0	0	0	0	0	0	0	0	0	0	0	0	0	0	0	0	0	0	0	0	0	0	0	0	0	0	0	0	0	0	0	0	0	0	0	0	0	0	0	0	0	0	0	0	0	0	0	0	0	0	0	0	0	0	0	0	0	0	0	0	0
5348	0	0	0	0	0	0	0	0	0	0	0	0	0	0	0	0	2.38	7.42	0	0	0	0	0	0	0	0	0	0	28.45	0	0	0	0	0	0	5.87	0	0	0	0	13.01	0	0	0	0	0	0	0	0	0	0	0	0	9.9	0	0	0	0	0	0	0	0	0	0	0	0	0
5349	20.31	0	0	0	0	7.45	396.26	226.47	0	185.91	8.54	11.5	84.3	0	8.61	581.92	0	0	0	0	0	0	0	5.45	0	0	0	0	0	343.43	640.69	0	0	307.7	0	368.16	223.26	0	158.08	0	137.97	446.97	0	0	6.42	0	0	242.32	0	0	0	144.22	0	0	0	0	71.37	0	0	59.09	0	11.84	0	289.4	143.34	537	255.3
5350	0	0	0	0	0	0	0	0	0	0	0	0	0	0	0	0	0	0	0	0	0	11.09	0	0	14.04	0	0	0	0	0	0	0	0	0	0	0	0	0	0	0	0	0	0	0	0	0	0	0	0	0	0	0	0	0	0	0	0	0	0	0	0	0	0	0	0	0	0
5376	109.31	0	899.82	0	63.45	114.05	0	0	0	0	0	0	0	0	0	0	0	0	0	141.65	0	0	0	0	737.66	0	124.69	0	18.04	150.38	0	1	384.56	0	0	0	36.33	64.4	0	373.95	0	0	0	0	0	0	0	0	91.91	0	60.79	0	0	0	267.78	88.39	3.31	0	0	0	0	0	0	50.61	0	0	0
53826	13.35	0	0	0	0	0	52.23	0	0	0	0	87.28	0	57.36	0	0	0	0	0	0	0	0	10.59	0	0	24.75	0	0	0	10.41	0	37.42	0	0	0	0	0	54.08	0	0	0	0	0	0	0	0	217.13	45.08	0	0	0	0	0	0	0	0	60.06	0	0	0	0	0	0	0	0	36.95	0
5396	15.65	0	447.68	0	0	0.75	0	0	0	0	0	5.95	0	0	0	0	0	0	0	0	0	387.75	0	0	0	203.57	0	0	22.59	1.98	0	0	10.75	0	0	0	0	0	82.95	25.12	0	28.77	0	0	0	0	0	0	8.42	0	223.77	0	0	0	11.44	246.82	0	0	0	0	0	0	0	0	0	12.05	0
54020	0.52	0	0	0	0	0	0	56.88	0	0	0	0	1.01	28.13	0	0	0	0	18.41	0	0	0	0	5.57	0	0	0	0	0	0	0	0	0	0	0	0	0.76	0	1.55	0	0	0	0	0	0	0	0	0	0	0	0	0	0	0	0	0	0	0	0	0	0	0	0	0	5.61	0	0
5409	7.89	0	0	0	0	0	0	0	0	0	0	0	0	0	0	0	0	11.46	0	0	0	0	0	0	0	0	13.35	0	0	0	0	0	0	13.18	0	0	3.87	0	0	0	0	0	0	0	0	0	0	0	0	0	0	0	0	0	0	0	0	0	0	0	0	0	0	0	0	0	0
54209	1.88	0	0	0	0	0	0	0	0	0	0	0	0	0	0	0	0	0	0	0	0	0	0	0	0	0	0	0	0	0	0	0	0	0	0	0	0	0	0	0	0	0	0	0	0	0	0	0	0	0	0	0	0	0	0	0	0	0	0	0	0	0	0	0	0	0	0
5447	39.79	0	0	0	0	0	21.84	0	0	0	0	0	0	72.32	0	0	0	0	0	27.55	0	35.58	0	0	12.31	8.35	0	0	0	0	0	0	40.81	0	0	362.49	0	8.1	0	31.45	0	29.8	0	0	5.99	46.5	0	0	419.66	0	0	0	0	0	0	0	21.34	0	0	0	15.95	0	2.93	40.69	23.54	16.46	0
54518	0	0	0	0	0	0	0	0	0	0	0	0	0	0	0	0	0	0	0	4.55	0	0	0	0	0	0	0	0	0	0	0	0	0	0	0	0	0	0	0	0	0	0	0	0	0	0	0	0	0	0	0	0	0	0	0	0	0	0	0	0	0	0	0	0	0	0	0
54549	0	0	0	0	0	0	0	0	0.38	0	0	0	0	0	0	0	0	0	0	0	0	0	0	0	0	0	0	0	0	0	0	0	0	0	6.51	0	6.61	0	0	0	0	0	0	0	0	0	0	0	0	0	0	0	0	0.27	0	0	15.15	0.53	0	0	0	0	0	0	0	0	0
547	2.86	0	0	1.16	0	2.44	0	0	83.52	0	0	0	0	0	0	0	0	0	0	0	0	0	0	0	0	0	0	0	0	0	0	0	0	0	0	0	3.37	0	0	0	6.59	0	0	0	0	0	0	0	0	0.62	0	0	0	0	0	0	0	0	0	6.68	0	2.9	0	0	0	0	0
5475	0	0	0	0	0	0	0	0	0	0	0	0	0	0	0	0	0	0	0	0	0	0	0	0	0	0	0	0	0	0	0	0	2824.72	0	0	0	0	0	0	0	20.54	0	0	0	0	0	0	0	0	0	0	0	0	0	0	0	0	0	0	0	0	0	0	0	0	0	0
54829	76.27	0	0	0	0	252.62	0	0	0	0	0	0	0	0	0	0	0	0	0	23.03	0	587.24	79.6	0	0	0	0.84	0	1674.61	0	0	0	77.35	16.36	0	0	0	0	0	69.46	0	0	0	0	58.46	0	0	0	0	0	0	0	0	0	0	0	0	0	0	0	0	0	0	1.37	0	0	0
54961	6.09	0	0	0	0	34.58	0	0	292.08	0	0	0	0	0	0	0	0	0	0	0	0	1028.5	0	0	0	0	0	0	0	0	0	0	0	0	0	212.31	0	0	0	1.23	0	2.38	0	0	0	0	0	0	0	0	0	0	0	0	0	0	106.36	96.21	0	0	0	0	0	0	0	0	0
55340	5.95	0	0	0	0	0	0	0	0	0	0	0	0	0	0	0	0	0	0	0	0	0	0	0	0	0	0	0	0	0	0	0	0	0	0	0	0	0	0	0	0	0	0	0	0	0	0	0	0	0	0	0	0	0	0	0	0	0	0	0	0	0	0	0	0	0	0
55506	8.53	0	0	0	0	0	0	0	0	2.73	0	0	0	0	5.01	0	0	0	3.05	0	0	0	0	0	0	0	0	0	0	5.59	0	120.74	0	0	0	0	0	0	0	0	0	0	0	0	0	0	7.81	0	0	0	0	12.42	138.22	0	0	0	0	6.42	0	0	0	1.1	0	0	0	0	0
55508	0.92	0	0	0	0	0	0	0	83.87	0	0	0	0.59	5.18	1.67	0	0	0	0	0	0	0	0	0	0	0	0	0	0	0.27	0	0	0	0	0	0.24	0	0	0	0	0	0	0	13.1	0	0	0	0	0	0	54.58	0	0	0	0	0	0.88	0	0	0	0	0.22	0	0	0	0	0
5551	0	0	0	0	0	0	0	0	0	0	0	0	0	0	0	0	0	0	0	0	0	0	0	0	0	0	0	0	0	0	0	0	0	0	0	0	0	0	0	0	0	0	0	0	0	0	0	0	0	0	0	0	0	0	0	0	0	0	0	0	0	0	0	0	0	0	0
55540	4.19	0	0	0	0	0	0	0	0	0	0	0	432.6	0	0	0	0	0	0	0	0	0	0	0	0	0	0	0	0	0	0	0	0	0	0	0	0	0	0	0	0	0	0	0	0	0	0	0	0	0	0	0	51.16	0	0	0	0	0	0	0	0	0	0	0	0	0	0
5569	5.15	0	0	0	0	0	0	0	0	0	0	0	9.41	0	0	0	0	0	0	0	0	0	0	0	0	0	0	0	0	0.82	0	0	85.69	0	0	0	0	0	0	11.86	0	0	0	0	0	0	0	0	0	0	25.65	0	0	0	0	0	0	0	0	0	0	0	0	0	0	0	0
55713	47.67	0	0	0	0	0	0	0	0	0	0	0	0	0	0	0	0	0	0	0	0	0	0	0	12.35	0	0	0	0	0	0	0	0	0	0	0	0.67	0	0	0	0	0	0	0	0	0	0	0	0	0	0	0	0	0	0	0	357.92	36.8	0	0	0	0	0	0	0	0	0
55740	51.34	0	6.63	0	2.47	32.97	0	44.62	0	69.22	184.94	40.38	60.61	0	1.58	0	55.02	1.05	27.84	168.38	0.19	0	36.1	61.82	0.48	16.69	53.53	6.18	238.86	25.78	132.67	41.77	235.96	0	0.32	4.73	68.75	74.96	274.68	450.92	103.44	0	5.61	18.76	11.36	41.52	28.67	0	66.15	36.31	60.18	226.28	0.83	12.27	40.2	371.86	0	19.57	1470.65	0.25	42.83	1.34	53.55	0	5.22	0	17.71
5580	1.15	0	0	0	0	0	14.07	0	0	0	0	25.96	0	0	0	0	7.69	5.55	66.83	0	0	0	0	0	0	0	0	0	0	0	0	0	0	0	0	0	0	0	0	0	0	25.92	0	0	0	0	0	0	0	0	0	0	0	0	0	0	30.97	0	0	0	0	0	90.53	0	0	0	0
55915	10.33	0	0	0	0	0	0	0	0	0	0	0	10.08	0	0	0	0	0	0	0	0	0	0	0	0	0	0	0	0	0	0	0	0	0	0	0	0	1.96	0	0	0	0	2.33	0	0	0	28.77	0	0	0	0	0	0	0	0	0	0	0	0	0	0	0	0	0	0.82	0	0
5616	0	0	0	0	0	0	0	0	0	0	0	0	0	0	0	0	0	0	0	0	0	0	0	0	0	0	0	0	0	0	0	0	0	0	0	0	0	0	0	0	0	0	0	0	0	0	0	0	0	0	0	0	0	0	0	0	0	0	0	0	0	0	0	0	0	0	0
56944	105.22	0	0	0	0	0	0	0	0	0	0	0	0	0	0	0	0	0	0	0	0	0	141.88	0	0	0	0	0	613.59	0	0	0	96.16	0	0	0	0	0	0	201.57	0	0	43.04	0	0	0	5.9	0	0	0	0	0	0	36.32	0	213.99	0	0	113.62	0	0	0	0	0	0	0	0
5699	63.78	0	0	0	0	13.21	0	66.45	0	0	0	181.69	0	0	0	0	173.87	0	0	0	0	0	0	0	0	0	0	0	25.82	130.82	0	0	111.65	0	0	24.71	123.9	751.64	0	448.65	0	268.99	0	0	0	0	0	0	0	0	0	0	4.58	0	0	371.48	0	0	355.43	0	0	0	67.64	165.87	0	0	0
57111	8.66	0	0	10.63	0	0	3.47	0	0	0	136.38	91.12	245.86	0	420.65	0	7.44	10.5	2.84	0	0	0	0	0	0	0	0	0	0	310.13	98.16	0	0	5.82	0	0	0	0	0	0	0	0	223.03	0	0	24.21	0	162.11	0	0	0	0	0	0	0	0	0	515.53	0	0	21.28	0	32.35	0	0	0	0
57124	32.53	0	157.98	0	0	0	0	0	0	0	0	70.87	0	0	0	0	0	0	0	115.22	0	0	21.47	0	0	0	0	0	0	0	0	235.37	55.85	0	0	0	0	98.5	0	156.53	0	0	11.46	0	0	0	0	0	0	0	0	0	0	0	6.22	54.98	0	0	0	0	0	0	0	0	0	1.39	0
5732	2.76	0	0	0	0	0	0	0	0	0	0	0	0	0	0	0	0	0	0	0	0	0	0	0	0	0	0	0	91.05	0	0	0	0	0	0	0	0	0	0	0	0	0	0	0	0	0	0	0	0	0	0	0	0	0	0	0	0	0	0	0	0	0	0	0	0	0	0
57333	58.72	0	18.41	0	0	0	0	0	0	0	0	0	0	83.51	0	0	0	0	0	355.66	0	35.4	0	0	0	5.69	0	0	25.52	0	0	0	0	0	1307.88	0	0	0	156.34	0	0	0	0	0	0	0	0	0	5.41	0	0	0	0	0	5.12	50.01	0	0	350.51	0	0	0	0	0	0	0	0
57348	NA	NA	NA	NA	NA	NA	NA	NA	NA	NA	NA	NA	NA	NA	NA	NA	NA	NA	NA	NA	NA	NA	NA	NA	NA	NA	NA	NA	NA	NA	NA	NA	NA	NA	NA	NA	NA	NA	NA	NA	NA	NA	NA	NA	NA	NA	NA	NA	NA	NA	NA	NA	NA	NA	NA	NA	NA	NA	NA	NA	NA	NA	NA	NA	NA	NA	NA
5740	50.36	0	0	0	0	0	0	0	0	0	0	0	0	246.03	0	0	0	0	0	18.63	0	0	0	0	410.47	173.26	0	0	78.35	32.8	0	0	57.16	0	0	0	0	0	1.66	72.34	0	0	0	0	0	2.75	0	0	0	0	1.23	0	59.07	33.12	0.39	96.79	0	0	60.61	0	0	0	0	0	0.89	0	0
5778	0	0	0	0	0	0	0	0	0	0	0	0	0	0	0	0	0	0	0	0	0	0	0	0	0	0	0	0	0	0	0	0	0	0	0	0	0	0	0	0	0	0	0	0	0	0	0	0	0	0	0	0	0	0	0	0	0	0	0	0	0	0	0	0	0	0	0
57820	166.49	0	0	139.16	0	22.68	0	0	12.71	36.17	0	1111.44	111.6	0	0	34.86	73.92	57.12	0	0	0	0	257.65	330.14	0	0	655.58	0	0	825.62	0	1267.03	0	0	0	23.24	60.67	0	0	0	121.77	0	0	0	273.17	0	422.13	0	0	8.7	0	0	0	0	0	0	0	34.63	0	36.97	0	0	0	10.25	110.29	76.29	0
5788	3.8	0	0	0	0	0	0	0	0	0	0	0	0	0	0	0	0	0	0	0	0	0	0	0	0	0	0	0	0	0	0	0	0	0	0	0	0	0	0	0	0	0	0	0	0	0	0	0	0	0	0	0	0	0	0	0	0	0	0	0	0	0	0	0	0	0	0
59	917.5	0	2613.8	0	1.17	41.41	0	0	0	0	0	0	0	3043.63	0	2.14	0	0	1.18	2495.6	0	1817.65	1002.8	0	1486.64	1113.23	3.36	0	14.36	25.4	0	8077.72	0	0	0	0	0	1980.97	0	0	0	0	739.64	2.9	22.92	14.52	0	2.28	0	0	712.44	0	556.85	54.89	711.12	1353.59	4.72	0	32.18	127.09	0	388.84	3.6	17.3	1.4	3198.63	0
5920	99.64	499.45	0	0	301.5	0	5.88	0	0	0	0	93.38	0	41.81	0	0	0	0	0	32.83	0	0	9.71	0	0	465.29	0	0	0	164.75	38.19	0	79.69	0	0	470.27	297.63	148.81	0	194.04	203.02	165.41	0	0	0	57.53	253.59	9.08	482.48	0	0	0	0	0	0	0	0	37.15	0	0	66.46	0	0	0	0	0	0
5999	44.85	0	0	0	0	0	0	0	0	56.6	0	0	0	0	0	0	0	0	0	0	0	0	1.14	0	0	0	0	0	23.18	0	0	34.87	35.47	0	0	0	0	0	200.11	31.66	0	0	0	0	0	0	0	0	0	0	0	0	0	0	0	100.71	0	0	0	0	0	0	0	0	0	0	0
6004	38.56	0	35.81	44.53	0	1.12	0	122.16	0	37.03	0	129	0	0	0	0	0	0	0	0	0	0	675.07	6.35	0	0	0	0	0.8	0.74	0	92.76	0	0	0	0	171.81	162.44	71	0	0	57.99	16.7	0	0	0	138.37	0	16.93	0	0	0	0	0	0.94	0	0	0	14.22	0	0	5.25	6.72	90.45	0	284.89	0
60489	10.26	0	0	0	0	1.52	0	0	0	0	0	0	0	0	0	0	0	0	0	0	0	0	0	2.08	0	0	0	0	0	0	0	0	0	0	0	74.91	2.64	5.03	0	0	0	0	0	0	0	0	0	0	0	0	0	0	0	0	0	0	0	0	0	0	0	0	0	0	0	0	0
6094	0	0	0	0	0	0	0	0	0	0	0	0	0	0	0	0	0	0	0	0	0	0	0	0	0	0	0	0	0	0	0	0	0	0	0	0	0	0	0	0	0	0	0	0	0	0	0	0	0	0	0	0	0	0	0	0	0	0	0	0	0	0	0	0	0	0	0
6097	0.76	0	0	0	0	0	0	0	0	0	0	0	0	0	0	0	0	0	0	0	0	0	0	0	0	0	0	0	0	0	0	0	0	0	0	0	0	0	0	0	0	31.03	0	0	0	0	0	0	0	0	0	0	0	0	0	0	0	0	0	0	0	0.99	0	0	0	0	0
6291	0	0	0	0	0	0	0	0	0	0	0	0	0	0	0	0	0	0	0	0	0	0	0	0	0	0	0	0	0	0	0	0	0	0	0	0	0	0	0	0	0	0	0	0	0	0	0	0	0	0	0	0	0	0	0	0	0	0	0	0	0	0	0	0	0	0	0
6297	3.45	0	0	0	0	0	11.33	0	0	0	0	0	0	0	0	0	0	0	0	0	0	0	0	0	0	0	0	0	0	0	0	0	0	0	0	0	0	0	0	0	0	0	47.45	0	0	0	0	0	0	0	0	0	0	0	0	0	0	0	0	0	0	0	0	0	0	0	0
6299	0	0	0	0	0	0	0	0	0	0	0	0	0	0	0	0	0	0	0	0	0	0	0	0	0	0	0	0	0	0	0	0	0	0	0	0	0	0	0	0	0	0	0	0	0	0	0	0	0	0	0	0	0	0	0	0	0	0	0	0	0	0	0	0	0	0	0
631	0	0	0	0	0	0	0	0	0	0	0	0	0	0	0	0	0	0	0	0	0	0	0	0	0	0	0	0	0	0	0	0	0	0	0	0	0	0	0	0	0	0	0	0	0	0	0	0	0	0	0	0	0	0	0	0	0	0	0	0	0	0	0	0	0	0	0
634	2.88	0	0	0	0	0	62.69	0	0	0	0	0	0	0	0	0	0	0	0	0	0	0	0	0	0	0	0	0	0	0	0	0	0	0	0	0	0	0	4.54	0	0	0	0	0	0	0	0	0	0	0	0	0	0	0	0	0	0	0	0	0	0	0	0	0	0	0	0
6352	3.21	3.24	0	0	0	0	0	0	0	0	3.18	0	0	2.66	0	0	0	0	0	0	0	0	35.54	0	4.76	0	0	0	0	0	0	0	0	0	0	1.41	0	0	0	0	0	0	0	0	0	0	0	0	2.83	0	0	0	0	8.79	0	2.72	0	0	0	0	1.39	0	0	0	0	0	0
6356	1.8	0	0	0	0	0	0	0	0	0	0	0	0	0	0	0	0	0	0	0	0	0	0	0	0	0	0	0	0	0	0	0	0	0	0	0	0	0	0	0	0	0	0	0	0	0	0	0	0	0	0	0	0	0	0	0	0	0	0	0	0	0	0	0	0	0	0
6373	12	0	0	0	0	0	17.36	0	0	0	0	0	0	0	0	0	0	0	0	0	0	0	0	0	0	0	0	0	0	0	0	0	0	0	0	0	0	0	0	0	0	0	0	0	0	0	0	0	0	0	0	0	0	0	0	0	0	0	0	0	0	0	0	0	0	0	0
6387	182.82	0	0	0	0	204.48	0	0	0	0	0	0	0	0	0	0	0	0	0	147.55	0	0	0	0	9.5	0	0	0	202.69	64.61	0	0	13.24	0	0	0	0	0	1.35	1.37	0	0	8.2	10.06	0	0	0	0	0	11.24	632.29	0	0	34.51	0	7.93	0	0	0	1.96	0	154.92	0	0	0	0	0
642	35.73	0	0	0	6.58	0	0	0	0	0	0	29.68	0	0	0	0	0	0	0	0	0	0	0	0	0	0	0	0	16.67	0	0	0	0	0	0	0	0	0	0	0	0	0	0	0	0	0	0	0	0	108.32	0	0	0	87.07	0	0	0	0	0	336.39	0	0	0	0	0	0	0
64231	51.27	0	0	0	0	0	0	0	0	0	0	0	0	0	0	0	0	0	0	0	0	0	0	0	0	0	0	0	0	0	0	0	0	0	0	0	0	0	0	0	0	0	0	0	0	0	0	0	0	0	0	0	0	0	0	0	0	0	0	0	0	0	0	0	0	0	0
64699	36.72	8.67	0	26.7	0	0	0	22.65	10.6	11.4	1.57	0	5.48	0	0	12.94	0	0	0	0	0	0	0	50.11	0	0	0	0	0	0	0	0	0	0	0	393.01	179.31	0	0	0	0	35.12	0	0	22.86	309.42	0	1.37	0	2.05	0	0	0	0	0	0	21.28	2.22	0	0	5.29	0	0	17.5	2.11	0	3.2
6502	4.37	0	0	0	0	36.3	0	2.57	0	0	6.84	51.64	0	0	0	0	0	0	0	0	0	0	0	0	0	0	0	0	0	0	0	13.25	0	0	0	0	49.29	0	0	0	13.21	0	0	0	0	0	2.55	0	0	0	0	0	0	0	0	0	0	0	0	0	20.78	0	0	0	0	0	0
6503	7.84	0	0	0	0	0	0	0	0	0	0	0	0	0	0	0	0	0	24.11	0	0	0	0	0	0	0	0	0	0	0	0	0	0	0	0	0	0	0	0	0	0	0	0	0	0	0	0	0	0	0	0	0	0	0	0	0	0	0	0	0	0	0	0	0	0	0	0
6504	0	0	0	0	0	0	0	9.04	0	0	0	0	0	0	0	0	0	0	0	0	0	0	0	0	0	0	0	0	0	0	0	0	0	0	0	0	0	0	0	0	0	0	0	0	0	0	0	0	0	0	0	0	0	0	0	0	0	0	0	0	0	0	0	0	0	0	0
65108	9.18	0	0	29.9	0	0	75.12	0	0	1.62	0	1.16	2.35	1.59	0	0	2.43	59.36	164.17	3.14	1.65	0	32.14	0	0	0	100.65	0	0	3.34	0	52.88	0	1.73	0	0	9.03	218.82	115.7	0	0	1.47	0	28.91	0	75.36	0	0	0	1.75	0	0	0	0	61.23	0	14.28	0	0	0	12.55	0	0	0	12.84	60.99	0
655	0	31.84	0	0	0	0	0	0	0	0	0	0	0	0	0	0	0	3.89	0	0	0	0	0	0	0	0	0	0	0	0	0	0	0	0	0	0	1.46	0	0	0	0	0	0	0	0	0	0	0	0	0	0	0	0	0	0	0	0	0	0	0	150.53	0	0	181.12	0	0	0
6565	0	0	0	0	0	0	0	0	0	0	0	0	0	0	0	0	0	0	0	0	0	0	0	0	0	0	0	0	0	0	0	0	0	0	0	0	0	0	0	0	0	0	0	0	0	0	0	0	0	0	0	0	0	0	0	0	0	0	0	0	0	0	0	0	0	0	0
6584	2.46	0	0	38.28	0	4.9	0	1.29	0	0	0	10.88	0	14.98	0	13.1	0.6	0	6.26	0	0	0	0	19.67	0	0	0	0	0	0	0	0	0	0	0	0	0	0	0	0	0	0	8.49	0	0	0	0	69.2	0	0	0	0	0	0	0	0	8.61	0	0	0	0	44.12	0	0	0	0	0
6591	124.39	0	0	0	0	0	0	0	0	0	0	0	0	0	0	0	0	0	0	8.19	0	0	9.58	0	0	0	0	0	20.83	1.74	0	0	98.55	0	0	0	0	0	0	237.84	0	0	0	0	1.26	0	0	0	236.93	0	0	0	0	0	1.04	673.51	0	0	0	0	0	0	0	0	0	0	0
6602	0	14.19	0	0	0	4.3	0	11.54	0	0	0	4.85	0	0	0	0	0.53	0.7	0	0	0	0	0	0	0	0	0.49	0	0	0	0	0	0	0	0	87	0	0	0	0	1.13	0	0	0	0	0	0	0	0	45.26	0	0	0	0	0	0	0	0	0	0	0	0	0	0	0	0	0
6623	41.34	0	0	0	0	0	0	0	8.01	413.52	0	7.07	0	0	0	0	0	0	0	0	0	0	8.51	0	0	0	0	0	0	0	0	0	0	0	0	0	0	0	0	50.4	0	38.83	7.09	0	0	177.67	0	0	0	0	0	87.59	0	0	0	0	0	0	0	0	37.92	4.04	0	687.76	1.23	67.7	755.14
6624	2.25	0	0	0	0	0	0	0	0	0	0	0	0	0	0	0	0	0	0	0	0	0	0	0	0	0	2.56	0	0	0	0	0	0	0	0	0	0	0	0	0	0	0	3.36	0	0	0	0	0	0	0	0	0	2.87	0	6.23	0	0	0	0	0	0	0	0	0	0	0	0
6635	3668.4	3017.61	0	16928.58	165.76	4969.97	111.75	4238.03	0	290.56	7634.21	6669.44	3920.6	0	262.07	7004.59	5001.58	11289.14	3432.95	51.52	9.61	0	19.79	1675.35	0	0	3969	2350.28	702.44	1420.73	2938.49	3202.7	390.66	21.47	0	775.62	733.62	8834.65	887.11	1054.1	4384.9	884.27	2453.66	0	5564.07	6634.58	264.72	13301.83	2274.75	5371.39	2461.7	6454.79	2129.64	1178.99	1080.05	294.07	2124.92	2305.95	11814.33	4034.63	6004.32	4603.62	1787.46	6425.85	406.85	2523.8	6173.23
6648	738.23	8.22	0	0	0.09	0.6	747.34	55.26	6.54	48.51	0	1.74	644.94	26.04	0	4.31	1133.75	2.36	354.71	244.16	3.97	0	594.21	2007.78	104.66	60.02	53.1	358.87	2004.02	734.41	2850.79	0	321.53	818.17	0	159.87	126.12	48.77	611.01	645.46	191.92	1.06	1003.87	1926.52	1.57	1567.52	379.52	350.8	3267.8	611.28	20.12	0.54	66.38	591.86	9041.46	3685.65	179.21	0	257.99	186.94	256.42	794.36	76.67	0	176.71	4.9	35.79
6653	0.41	0	0	0	0	21.01	0	3.62	275.87	105.36	12.5	87.18	0	0	0	1595.56	1.93	0	1.14	0	0	0	0.48	0	0	0	13.28	0	0	195.37	19.34	0	0	0	0	0.39	22.34	0	4.61	0	109.45	0	0	0	0	0	0	0	0	0	0	0	0	0	0	0	0	14.33	0	63.64	38.13	0	10.73	0	0.72	0	6.11
6664	0	0	0	0	0	0	0	0	0	0	0	0	0	0	0	0	0	0	0	0	0	0.6	0	0	0	0	0	0	0	0	0	0	0	0	0	0	0	0	0	0	0	0	0	0	0	0	0	0	0	0	0	0	0	0	0	0	0	0	0	0	0	0	0	0	0	0	0
6666	0.96	1.58	0	0	2.6	1.07	0	0.84	0	0.52	0	0	0	2.07	14.02	0	0	0	0.59	1.01	0.53	9.84	0	1.51	0	1.43	1.1	0.73	0	0	0	2.44	0	1.09	0	0.3	0	0	1.93	0.48	1.48	2.34	0.73	0	0	12.8	0	1.68	0.68	2.26	1.43	0.9	0.62	0	0	0	1.12	0.61	0	2.11	1.56	0	0.25	1.2	0.26	2.83	0
6671	7.99	0	0	1.25	0	0	0	0	0	0	0	0	37.22	0	0	0	0	0	27.54	0	0	0	0.23	0	0	0	0	0	0	0	0	0	0	0	9.2	99.11	0	0	0	0	0	0	0	0	0.43	0	0	0	0	0	0	0	187.03	501.13	0	0	6.98	129.16	0	0	0	151.04	0	0	0	0	0
6697	13.24	0	0	0	1.05	3.91	0	0	0	0	0	4.1	0	0	4.67	0	0	0	0	0	0	0	0	0	0	0	76.26	584.58	0	0	0	0	0	0	0	0	78.16	0	0	0	0	0	0	0	0	0	51.52	0	0	213.05	0	0	0	0	0	0	0	0	0	0	0	0	245.49	0	6.59	113.42	0
6716	2.34	0	0	0	0	0	0	0	0	0	0	0	0	0	0	0	0	0	0	0	0	0	0	0	0	0	0	0	0	0	0	0	0	0	0	0	0	0	0	0	0	0	0	0	0	0	0	0	0	0	0	0	0	0	0	0	0	0	0	0	0	0	0	0	0	0	0
6737	29.97	0	0	0	0	5.74	0	0	0	0	0	41.99	0	0	0	0	0	0	0	0	0	0	0	0	0	1.29	0	0	0	21.1	0	0	0	0	0	0	0	0	0	0	0	0	0	0	0	0	0	0	0	0	0	0	0	0	96.87	0	0	0	0	0	0	0	0	0	0	0	0
6775	0	0	0	0	0	0	0	0	0	0	0	0	0	0	0	0	0	0	0	0	0	0	0	0	0	0	0	0	0	0	0	0	0	0	0	0	0	0	0	0	0	0	0	0	0	0	0	0	0	0	0	0	0	0	0	0	0	0	0	0	0	0	0	0	0	0	0
6876	362.98	0	42.34	0	0	21.45	0	0	0	0	0	0	0	3.26	0	0	0	0	0	595.77	0	670.04	216.09	0	0	75.74	0	0	2703.44	0	0	2450.11	0	0	0	0	0	985.07	0	0	0	0	641.48	0	1.29	0	20.29	0	0	0	647.75	0	1749.12	0	1424.97	134.11	0	0	0	0	0	0	0	0	0	573.19	0
6919	12.06	0	0	0	0	0	3.56	0	0	0	0	0	13.69	0	0	0	0	0	0	0	12.44	0	0	0	0	0	4.47	51.06	0	0	0	0	0	0	0	0	0	33.62	0	0	0	0	0	0	0	0	0	0	0	0	0	0	0	0	328.93	36.37	181.92	0	0	0	0	0	0	0	0	0	0
6947	0	0	0	0	0	0	0	0	0	0	0	0	0	0	0	0	0	0	0	0	0	0	0	0	0	0	0	0	0	0	0	0	0	0	0	0	0	0	0	0	0	0	0	0	0	0	0	0	0	0	0	0	0	0	0	0	0	0	0	0	0	0	0	0	0	0	0
695	0	0	0	0	0	0	0	0	0	0	0	0	0	0	0	0	0	0	0	0	0	0	0	0	0	0	0	0	0	0	0	0	0	0	0	0	0	0	0	0	0	0	0	0	0	0	0	0	0	0	0	0	0	0	0	0	0	0	0	0	0	0	0	0	0	0	0
6999	NA	NA	NA	NA	NA	NA	NA	NA	NA	NA	NA	NA	NA	NA	NA	NA	NA	NA	NA	NA	NA	NA	NA	NA	NA	NA	NA	NA	NA	NA	NA	NA	NA	NA	NA	NA	NA	NA	NA	NA	NA	NA	NA	NA	NA	NA	NA	NA	NA	NA	NA	NA	NA	NA	NA	NA	NA	NA	NA	NA	NA	NA	NA	NA	NA	NA	NA
7022	15.18	0	0	0	0	93.96	21.07	4.42	0	0	115.43	0	30.19	0	0	11.19	0	0	2.04	28.08	0	0	0	62.1	0	0	0	0	0	0	30.16	0	0	5.73	0	0	53.15	0	0	5.89	0	0	0	0	0	0	0	24.35	0	0	0	0	0	0	0	0	60.97	0	0	0	0	118.14	0	0	0	0	0
7041	56.31	0	58.79	0	0	47.55	0	0	0	0	0	108.53	13.97	0	0	0	0	0	0	0	0	14.03	82.35	0	0	0	0	0	104.91	0	0	1.47	0	0	0	0	0	0	0	0	0	0	0	0	0	0	30.54	0	0	0	0	0	0	3.65	0	0	9.88	0	0	0	0	0	0	0	0	0	0
7043	26.39	0	367.31	0	0	21.96	0	0	0	0	0	40.94	0	83.93	0	0	0	0	0	35.75	0	216.28	205.24	0	0	0	0.68	0	0	0	0	0	37.81	0	0	0	0	0	0	43.02	0	0	0	0	0	0	0	0	199.65	1.04	315.22	0	0	460.34	0	13.03	0	0	0	0	0	51.19	0	0	0	16.9	0
7057	368.75	0	2678	0	0	5.87	169.93	148.18	0.53	0	1.18	325.23	24.82	19.31	0.39	0.33	0	0	0	15.67	190.28	3.35	748.65	0	3669.48	6.7	20.56	0	1138.09	9.37	0	0	11.6	0	1129.64	0	0	45.36	194.42	7.9	0	0	631.67	39.16	0.34	0	19.59	866.13	1049.82	0	797.53	0	416.5	52.21	1477.31	395.5	0.68	6.74	276.79	13.64	0.19	231.91	46.09	0.37	0.63	18.39	0
7060	14.91	0	0	0	0	0	0	0	0	3.71	0	78.47	0	0	0	0	0	0	0	0	0	0	464.03	0	0	0	0	0	154.79	0	0	986	0	0	0	0	0	1051.09	0	0	0	0	0	0	0	0	0	0	165.47	0	0	0	0	0	0	0	0	0	0	0	0	0	0	0	0	64.29	0
7078	83.26	0.55	978.42	0	0	3.93	0.34	0	0	0	0	1.97	0	0	0	0	0	0	0	0	951.9	96.41	193.33	0	414.77	0	0	0	0	0.37	0	93.6	0	0	1390.89	0.32	0	609.54	0	0	0	0.49	0	0	0	0	0	25.29	0	0	364.33	0	145.15	0	0	0	0	0	0.6	0	0	0	0	0	0	69.19	0
7097	0	0	0	0	0	0	0	0	0	0	0	0	0	0	0	0	0	0	0	0	0	0	0	0	0	0	0	0	0	0	0	0	0	0	0	0	0	0	0	0	0	0	0	0	0	0	0	0	0	0	0	0	0	0	0.53	0	0	0	0	0	0	0	0	0	0	0	0
7100	57.58	0	0	0	0	0	246.34	0	0	0	0	81.63	0	0	0	0	0	0.76	118.66	56.43	0	0	0	12.19	291.03	0	0	0	0	0.42	0	0	0	196.85	0	0	13.89	0	2.3	0	26.07	0	0	0	0	0	78.38	0	0	0	0	0	0	0	0	0	44.57	90.98	0	0	0	216.31	0	0	0	0	0
7130	65.62	0	0	0	0	0	0	0	0	0	0	18.57	0	0	0	0	0	0	0	337.6	0	0	1458.17	0	0	0	0	0	206.11	17.43	0	132.39	161.23	0	0	0	0	129.9	0	176.38	0	0	22.36	0	0	0	0	0	819.3	0	0	0	0	0	10.2	968.9	0	0	0	0	0	0	0	0	0	217.45	0
719	10.43	0	0	0	0	0	0	0	0	0	0	0	0	0	0	0	0	0	0	0	0	0	0	0	0	0	0	0	0	0	0	0	0	0	0	0	0	0	0	0	0	0	0	0	0	0	0	0	0	0	0	0	0	0	0	0	0	0	0	0	0	0	0	0	0	0	0
7292	4.16	0	0	0	0	0	0	0	0	0	0	0	0	0	0	0	0	0	0	0	0	0	0	0	0	0	0	0	0	0	0	0	0	0	0	0	0	0	0	0	0	0	0	0	0	0	0	0	0	0	0	0	0	0	0	0	0	0	0	0	0	0	0	0	0	0	0
7305	70.74	0	0	0	0	0	0	0	0	0	0	0	0	0	0	0	0	0	0	0	0	0	0	0	0	0	0	0	0	0	0	0	0	0	0	0	0	0	0	0	0	0	0	0	0	0	0	0	0	0	0	0	0	0	0	0	0	0	0	0	0	0	0	0	0	0	0
7412	176.41	0	0	0	0	0	0	0	0	0	0	0	0	0	0	0	0	0	0	0	0	0	0	0	0	0	0	0.31	57.58	0.72	0	0	55.73	0	0	0	0	0	0	139.11	0	0	25.25	0	0	43.11	0	0	0	0	2.89	0	0	62.67	21.17	1861.68	0	0	0	2.9	3.81	16.26	27.33	0	0.26	0	0
7433	0	0	0	0	0	0	0	0	0	0	0	0	0	0	0	0	0	0	0	0	0	0	0	0	0	0	0	0	0	0	0	0	0	0	0	0	0	0	0	0	0	0	0	0	0	0	0	0	0	0	0	0	0	0	0	0	0	0	0	0	0	0	0	0	0	0	0
7453	77.71	0	0	34.05	0	0	64.12	0	0	0	50.37	81.57	0	0	0	0	0	0	0	1.62	0	0	0	46.19	11.49	0	0	0	1.56	344.6	0	35.57	0	20.87	19.39	0	400.36	0	0	0.99	0	0	0	0	0	15.94	0	0	38.42	0	0	0	0	0	1.11	36.43	0	0	0	0	0	135.14	14.23	0	40.14	10.1	0
7556	45.43	0	0.88	176.03	0	0	0	0.92	0	0	0	15.46	32.56	0	0	0	0	0	0	0	0	0	0	0	0	0	40.28	0	0	0	0	0	0	0	0	0	0	0	0	0	87.33	0	0	0	0	0	0	41	9.5	0	0	0	0	0	0	0	2.45	489.82	0	11.92	0	0	77	0	3.4	0	0
7703	1.53	14.79	732.88	0	0	0	0	0	0	0	6.07	0	0	0	0	0	0	0	8.7	0	0	0	0	0	0	0	0	0	0	0	0	25.68	0	0	33.36	0	0	1.67	0	23.77	0	0	0	0	0	0	0	0	0	0	92.57	0	0	0	0	70.72	0	49.83	0	0	0	0	0	2.11	173.99	0	48.39
775	0.45	0	8.64	0	0	0	0	0	0	0	0	0	0	0	0	0	0	0	0	5.28	140.13	0.4	22.67	0	17.46	0	0	0	0	0	0	0	0	0	0	0	0	0	0	0	0	0	0	0	0	0	0	0	0	0	0	0	0	0	0.99	27.54	0	0	0	0	0	0	0	0	0	0	0
7805	38.04	0	0	0	0	0	0	0	0	0	0	0	0	0	0	0	0	0	0	0	0	0	0	0	0	0	0	0	0	0	0	0	0	0	0	0	0	0	0	0	0	0	0	0	0	0	0	0	0	0	0	0	0	0	0	0	0	0	0	0	0	0	0	0	0	0	0
7840	2.38	0	0	0	11.96	0	0	0	0	2.1	0	0	0	2.21	0	0	0	0	0	29.53	142.99	0	0	0	21.93	0	0	0	77.76	0	0	0.28	0	0	0	0	0	0.28	0	0.19	5.31	0	0	1.74	0	0	8.57	0	0	0	0	0	0	230.16	4.8	1.52	0	0	7.8	0	5.2	69.66	0	0	0	0	0
7857	44.93	0	0	0	0	80.45	0	0	0	0	1.26	0	0	0	0	0	0	0	0	99.55	0	0	0	0	888.62	0	0	0	102.28	0	0	0	0	0	0	0	0	0	0	0	0	0	0	0	0	0	0	0	0	0	218.96	0	0	0	0	7.44	0	0	0	0	0	0	0	0	0	0	0
790	18.98	46.67	0	0	0	2.58	0	1.74	0	0	0	0	0	0	43.8	0.37	13.28	0	0	117.88	0	0	0	0	0	0	0	0	0	0	0	0	29.08	0	0	18.83	0	0	0	22.51	0	0	0	0	0	12.94	176.54	0	0	0	0	15.34	0	0	0	0	0	0	0	0	6.95	0	0	0	0	0	0
79083	12.84	0	0	0	0	0	0	0	0	0	0	0	0	0	0	0	0	0	0	0	0	0	0	0	0	0	0	0	0	0	0	0	0	0	0	0	0	0	0	0	0	0	0	0	0	0	0	0	0	0	0	0	0	10.86	0	0	0	9.21	0	0	0	0	0	0	0	0	0
794	0	0	0	0	0	0	0	0	0	0	0	0	0	0	0	0	0	0	0	0	0	0	0	0	0	0	0	0	0	0	0	0	0	0	0	0	0	0	0	0	0	0	0	0	0	0	0	0	0	0	0	0	0	0	0	0	0	0	0	0	0	0	0	0	0	0	0
79443	9.72	0	0	0	1.62	0	0	0	167.12	0	0	13.5	0	0	0	0	0	0.44	120.09	0	0	0	0	0	0	0.54	0	0	0	0	0	0	0	2.46	0	0	0	0	83.68	0	0	0	8.16	0	0	1.8	0	0	62.47	180.65	0	0	141.37	0	0	36.3	0	0	0	0	71.09	0	0	2.03	0	0	0
79590	56.8	0	0	70.32	0	30.58	0	0	620.84	0	138.13	20.63	178.24	0	0	26.46	4.93	15.66	121.7	0	0	38.52	64.17	371.2	0	6.25	5.28	9.3	0	38.77	209.8	0	32.06	760.81	0	336.79	214.11	0	13.95	69.15	416.64	13.42	0	0	0	0	65.33	0	0	0	0	0	0	0	156.8	0	34.32	298.47	0	145.28	137.75	5.71	0	0	388.52	0	0
79661	6.52	0	0	0	0	0	0	0	0	0	0	0	0	0	0	0	0	0	0	0	53.59	0	0	0	0	0	0	0	0	0	0	0	0	0	0	0	0	0	0	0	0	0	0	0	0	0	0	0	0	0	0	0	0	0	0	0	0	0	0	0	0	0	0	0	0	0	0
79838	0	0	0	0	0	0	0	0	0	0	0	0	0	0	0	0	0	0	0	0	0	0	0	0	0	0	0	0	0	0	116.45	0	0	40.43	0	0	0	0	0	0	0	0	0	0	0	0	0	133.9	0	0	0	0	0	0	0	0	0	0	0	0	0	0	0	0	0	0	0
800	326.24	0	1812.38	0	0	20.78	198.11	0	0	2.02	0	74.42	0.89	1914.14	612.72	0	0	0	0	407.42	865.52	2479.52	671.45	0	2353.94	68.9	10.93	0	206.45	39.12	0	1888.37	476.54	0	1126.28	0	0	1424.64	279.81	664.6	0	0	334.06	0	28.84	0	63.75	0	153.6	0	872.27	0	88.15	822.79	417.95	958.41	0	50.79	431.81	0	111.53	147.04	56.48	0	0	1180.91	78.53
80144	2.19	0	0	0	0	0	0	0	0	0	0	0	0.23	0	0.19	0	0	0	0	87.42	0	0	0	0	0	0	0	0	1.36	0	0	2.92	7.12	0	0	0	0	0	0	9.31	0	0	0	0.22	0.16	0	0	0	0	0	0	0	0	0	0	0	0	2.17	0	82.11	0	0	0	0	0	0	0
8038	10.43	0	28.24	0	0	23.61	0	0	0	0	0	24.21	0	0	0	0	0	0	0	183.51	0	0	228.04	0	0	0	0	0	71.1	0	0	0	0	0	0	0	0	39.58	0	0	2.64	0	0	0	5.58	1.91	50.56	0	2.23	0	0	0	0	0	122.12	122.63	0	0	0	0	0	0.25	0	0	0	0	0
80830	10.09	0	69.33	0	0	0	54.74	0	0	0	0	0	0	18.86	0	0	0	0	0	0	0	0	0	0	0	0	0	0	0	18.34	10.21	0	0	0	0	0	0	20.56	0	0	0	0	0	0	0	0	0	0	146.04	0	65.31	0	0	0	0.21	0	0	0	0.27	0	0	0	0	0	0	0	0
80833	6.57	0	0	0	0	0	0	0	0	0	0	0	0	0	0	0	0	0	3.63	0	0	0	0	0	0	0	0	0	0	0	0	0	0	0	0	0	0	0	0	0	0	0	0	0	0	0	0	1.36	0	0	0	0	0	0	0	0	0	0	0	0	0	0	0	0	0	0	0
8091	8.15	0	0	0	0	0	0	0	0	0	0	0	0	0	0	0	0	0	0	0	0	0	0.17	0	0	0	0	0	0	0	0	0	0	0	301.23	0	0	0	0	0	0	10.67	0	0	0	0	0	0	0	0	0	0	0	0	0	0	0	0	0	0	0	0	0	1.56	0	0	0
81035	19	0	0	0	0	0	0	0	0	0	0	0	0	0.43	0	0	0	0	0	137.07	0	0	0	0	61.54	0	0	0	30.1	0	0	0	0	0	0	0	0	0	0.8	0	0	0	0	0	0	0	0	0.57	0	0	0	0	0	18.44	0.46	0	0	0	0	0	0	0	0	0	0	0	0
8153	2.26	0	0	0	0	0	0	0	0	0	0.76	0	0	0	0	0	0	0	0	0	0	0	0	0	0	0	0	0	0	0	0	0	0	0	0	0	0	0	0	0	0	0	0	0	0	0	0	0	0	0	0	0	0	0	0	0	0	0	0	0	0	0	0	0	0	0	0
81618	14.41	0	0	22.09	0	0	0	7.45	11.97	0	143.93	10.33	0	113.22	0	0	0	0	0	1.39	0	0	0	40.09	0	0	0	0	0	5.1	94.53	260.47	0	0	0	5.96	35.92	71.11	8.08	0	0	0	74.44	0	0	0	2.75	0	0	1.55	3.89	0	0	0	92.74	0	3.15	3.39	0	11.84	0	69.48	49.88	0	15.3	66.77	31.14
81792	7.46	0	0	0	0	0	0	0	0	0	0	24.07	0	0	0	0	0	0	0	0	0	0	61.22	0	0	0	0.2	0	0	0	0	12	27.28	0	0	0	0	82.38	0	40.96	0	0	0	0	0	0	0	0	56.01	0	0	0	0	0	0	0	2.4	0	0	0	0	2.47	0	0	0	0	0
81831	0	0	0	0	16.29	0	0	0	0	0	0	0	0	0	0	0	0	0	0	0	46.25	0	0	0	0	0	0	0	0	0	0	0	0	5.85	51.05	0	0	0	0	0	0	0	0	0	0	0	0	0	0	0	0	0	0	0	0	0	0	0	0	0	0	0	0	0	0	0	0
823	64.36	0	0	0	0	32.95	23.06	0	0	0	0	22.4	0	0	219.46	0	0	0	0	6.85	0	0	67.07	0	0	1.83	0	0	0	0	25.67	0	0	0	0	0	39.41	0	7.57	0	32.14	1.83	0	0	0	0	0	15.09	0	60.07	14.53	0	0	0	0	4.91	98.7	64.29	0	0	0	0	7.15	2.32	0	0	0
8303	0	0	0	56.43	0	0	0	0	0	0	0	0	0	0	0	0	0	0	13.09	0	0	0	0	0	12.09	0	0	0	0	0	0	0	0	0	0	0	0	0	0	0	0	0	0	0	0	0	0	0	0	0	0	0	0	0	0	0	0	0	0	0	0	0	0	0	0	0	0
834	44.24	0	0	0	0	0	30.03	0	0	0	0	0	0	0	0	0	475.7	0	12.14	0	0	0	0	0	0	0	0	0	0	0	250	0	0	0	0	386.68	8.9	0	0	0	89.02	0	0	0	0	0	8.07	0	0	0	0	0	0	0	0	0	0	0	8.14	0	0	0	0	0	0	0	0
83439	0	0	109.38	0	0	0	27.95	0	0	0	0	0.63	0	70.07	0	0	0	0	0	0	0.89	0	17.77	0	0	0	0	0	0	0	0	0	0	0	0	0	0	0	0	1.62	1.25	0	9.74	0	0	0	0	0.94	0	0	4.76	0	0	0	12.12	12.75	0	0	0	0	0	0	0	0	0	0	0
83451	75.87	5.95	0	26.2	0	0	0	20.66	0	107.76	16.9	25.23	8.49	0	59.95	0	0	37.36	6.54	0	0	0	0	11.9	163.5	0	0	0	0	12.17	188.26	0	0	976.76	0	7.59	14.61	0	0	0	0	0	0	0	0	16.63	176.69	0	0	43.97	0	0	0	0	0	0	0	39.63	0	10.84	0	15.76	0	6.79	261.84	35.31	92.11
83660	0.86	0	0	0	0	0	0	0	0	0	0	0	0	0	0	0	0	0	0	0	0	0	0	0	0	0	0	0	0	5.12	0	0	0	0	0	0	0	0	0	0	0	0	0	0	0	0	21.54	0	0	0	0	0	0	0	3.72	0.25	0	0	0	0	0	0	0	0	0	0	0
83716	128.8	0	986.21	0	0	34.96	0	0	0	2.77	0	146.52	0	7.65	0.67	0	0	0	0	741.9	0	1.15	128.44	0	2654.46	5.74	0	0	770.5	27.68	0	54.32	100.13	0	0	0.64	0	73.76	0	130.06	0	0	62.75	0	0	20.25	0	0.59	0	0	516.25	0	107.16	89.09	266.33	241.72	0	0.64	22.35	11.11	5.26	36.95	0	0	0.14	200.16	0
8406	30.09	0	0	0	0	0	0	0	0	0	0	0	0	0	0	0	0	0	0	0	0	29.87	0	0	0	0	0	0	0	35.04	0	0	0	0	0	0	0	0	0	0	0	0	0	0	0	0	0	0	0	0	0	0	0	21.01	0	0	0	0	0	0	0	0	0	0	0	0	0
8425	30.22	0	0	0	15.03	0	0	13.47	0	0	0	0	0	0	0	0	0	0	0	0	0	0	0	0	0	0	0	0	0	0	0	20.49	43.81	0	0	0	88.73	0	0	68.4	0	0	0	59.73	24.78	0	0	0	14.58	0	0	0	0	0	0	0	0	0	0	136.35	0	0	0	0	0.86	0	0
8460	21.33	0	0	1.3	1.4	0	0	0	0	0	0	0	0	0	0	0	0	0	0	0	0	0	0	0	0	0	0	0	78.12	0	0	0	0	15.41	0	0	0	0	0	28.33	78.69	0	0	0	0	0	0	0	0	0	0	0	0	0	0	0	0	0	0	0	0	0	0	0	0	0	0
8481	7.24	90.66	8.93	0	0	202.55	2.56	15.68	0	0.78	37.01	156.95	241.11	835.93	396.28	54.37	117.73	13.56	4.6	0	0	0	0	80.42	0	0	1.1	0	0	133.46	0	531.05	64.92	0	42.82	96.71	88.77	0	31.54	158.93	162.22	43.65	89.13	0	0	4.8	0	13.59	0	163.73	119.26	3.44	0	167.46	0	2.85	65.94	50.21	0	0	2.96	48.45	1.11	0	58.77	0	249.33
8483	20.47	0	0	0	0	0	0	0	0	0	0	0	0	0	0	0	0	0	0	0	0	0	0	0	0	0	0	0	0	0	0	0	0	0	0	0	0	0	0	0	0	0	0	0	0	0	0	0	0.19	0	0	0	0	0	0	0	0	0	0	0	0	0	0	0	0	0	0
8503	1.86	0	0	0	0	0	0	0	0	0	0	0	0	0	0	0	0	0	0	0	0	0	0	0	0	0	0	0	0	0	0	0	0	0	0	0	0	0	0.93	0	0	0	0	0	0	0	5.52	0	0	0	0	0	3.94	0	0	0	0	1.7	0	0	29.91	0	0	0	0.2	0	0
8522	1.05	0	0	0	0	0	0	0	0	0	0	0	0	0	0	0	0	0	0	13.86	0	0	0	0	0	0	0	0	0	0	0	0	0	0	0	0	0	0	0	0	0	0	0	0	0	0	0	0	0	0	0	0	0	0	0	0	0	0	0	0	0	0	0	0	0	0	0
8527	NA	NA	NA	NA	NA	NA	NA	NA	NA	NA	NA	NA	NA	NA	NA	NA	NA	NA	NA	NA	NA	NA	NA	NA	NA	NA	NA	NA	NA	NA	NA	NA	NA	NA	NA	NA	NA	NA	NA	NA	NA	NA	NA	NA	NA	NA	NA	NA	NA	NA	NA	NA	NA	NA	NA	NA	NA	NA	NA	NA	NA	NA	NA	NA	NA	NA	NA
8533	116.49	0	0	0	1.13	213.08	186.54	136.99	0	42.33	0	121.91	0	0	0	0	0	0	2.6	0	0	0	0	0	0	0	0	0	102.76	20.04	0	21.04	0	14.39	0	25.67	282.26	0	208.08	0	79.75	0	0	0	0	0	0	197.6	22.11	0	193.77	0	0	0	0	16.53	0	290.9	0	91.86	0	129.29	0	0	21.79	172.17	0
8537	0	0	0	0	0	0	0	0	0	0	0	0	0	0	0	0	0	0	0	0	0	0	0	0	0	0	0	0	0	0	0	0	0	0	0	0	0	0	0	0	0	0	0	0	0	0	0	0	0	0	0	0	0	0	0	0	0	0	0	0	0	0	0	0	0	0	0
8564	0	0	0.37	0	0	0	0	0	0	0	0	0	0	0	0	5.97	0	0	0	0	0	0	0	0	0	0	0	0	0	0	0	0	0	0	0	0	0	0	0	0	0	0	0	0	0	0	0	18.78	0	0	0	0	0	0	0	0	0	0	0	0	0	0	0	0	0	0	0
860	9.02	0	0	0	0	9.35	0	0	0	120.59	0	15.92	0	0	0	0	0	0	0	1.14	0	0	1.57	0	9.03	0	0	0	0	0	0	0	0	0	0	0	0	0	61.76	0	0	0	9.69	0	0	0	0	0	212.39	0	0	0	0	0	0	22.55	30.64	0	0	0	0	0	0	0	0	0	0
861	5.39	0	0	0	0	25.7	0	0	0	0	0	22.27	0	49.48	0	0	0	0	0	12.08	0	1.76	51.37	0	0	157.48	0	0	56.83	13.74	0	0	34.39	0	0	0	0	0	0	98.26	0	0	4.65	0	0	0	27.37	0	63.42	0	14.89	0	0	0	280.02	89.74	0	0	0	0	0.57	0	0	0	0	0	0
8638	6.59	0	0	0	0	0	115.57	0	0	0	0	0	0	0	0	0	0	0	0	0	0	0	0	0	0	0	0	0	0	0	0	0	0	0	0	0	0	0	0	0	0	0	0	0	0	0	0	0	0	0	0	0	0	0	0	0	0	0	0	0	0	0	0	0	0	0	0
8639	0.69	0	0	0	0	0	0	0	0	0	0	0	0	0	0	0	0	0	0	0	0	2.29	68.1	0	0	0	0	0	0	0	0	0	0	0	0	0	0	0	0	0	0	0	0	0	0	0	0	0	0	0	0	0	0	0	0	0	0	0	0	0	0	0	0	0	0	2.98	0
8751	1.66	0	0	67.87	0	0	0	0	0	0	0	0	0	0	0	0	0	0	0	0	0	0	0	0	0	0	0	0	0	0	0	0	0	0	0	0	0	0	0	0	62.13	0	0	0	0	0	0	0	0	0	0	0	0	26.2	0	0	0	0	0	0	0	0	0	0	0	0	0
8764	NA	NA	NA	NA	NA	NA	NA	NA	NA	NA	NA	NA	NA	NA	NA	NA	NA	NA	NA	NA	NA	NA	NA	NA	NA	NA	NA	NA	NA	NA	NA	NA	NA	NA	NA	NA	NA	NA	NA	NA	NA	NA	NA	NA	NA	NA	NA	NA	NA	NA	NA	NA	NA	NA	NA	NA	NA	NA	NA	NA	NA	NA	NA	NA	NA	NA	NA
8807	0	0	0	0	0	0	0	0	0	0	0	0	0	0	0	0	0	0	0	0	0	0	0	0	0	0	0	0	0	0	0	0	0	0	0	0	0	0	0	0	0	0	0	0	0	0	0	0	0	0	0	0	0	0	0	0	0	0	0	0	0	0	0	0	0	0	0
8814	0.97	0	0	0	0	0	0	0	0	0	0	0	0	0	0	0	0	0	0	0	0	0	0	0	0	0	0	0	0	0	0	0	0	0	0	107.02	0	0	0	0	0	0	0	0	0	0	9.12	0	0	0	0	0	0	0	0	0	2.63	0	302.95	0	0	0	0	0	0	0	0
8840	50.83	0	41.94	0	0	0	0	0	0	0	0	0	0	0	0	0	0	0	0	11.79	0	0	0	0	0	32.34	0	0	25.97	0	0	0	0	0	0	0	0	0	0	4.72	0	0	0	0	0	0	0	0	0	0	0	0	0	0	13.4	32.61	0	0	0	0	0	5.02	4.52	0	0	0	0
8864	68.1	0	232.47	0	48.82	0	0	0	0	0	0	34.51	189.83	95.76	0	0.81	0.3	0.39	92.41	44.82	0	0	0	0	31.79	0	0	0	0	19.34	0	0	81.67	0	240.3	39.67	0	203.01	0	159.07	35.84	0	35.2	0	0	25.06	73.59	0	279.33	0	0	0	291.34	285.31	0	51.98	35.93	0	0.43	0.52	0	0	0	0	0	0	0
887	0	0	0	0	0	0	0	0	0	0	0	0	0	0	0	0	0	0	0	0	0	0	0	0	0	0	0	0	0	0	0	0	0	0	0	0	0	0	0	0	0	0	0	0	0	0	0	0	0	0	0	0	0	0	0	0	0	0	0	0	0	0	0	0	0	0	0
8875	7.07	0	0	0	0	0	0	0	0	0	0	0	0	0	0	0	0	0	0	0	0	0	0	0	0	0	0	0	0	0	0	0	0	0	0	0	0	0	0	0	0	0	0	0	0	0	0	0	0	0	0	0	0	0	0	0	0	0	0	0	0	0	0	0	0	0	0
8876	0.51	0	0	0	0	0	0	0	0	0	0	0	0	0	0	0	0	0	0	0	0	0	0	0	0	0	0	0	0	0	0	0	0	0	0	0	0	0	0	0	0	0	0	166.33	0	0	0	0	0	0	0	0	0	0	0	0	0	0	0	0	0	0	0	0	0	0	0
8914	2.49	0	0	0	0	0	0	14.96	0	0	2.31	9.69	0	0	0	0	0	0	0	22.64	0	0	0	0	0	0	0	0	0	0	0	0	0	0	0	0	0	0	0	0	0	0	0	0	0	0	0	0	0	0	0	0	0	0	0	0	0	0	0	0	0	0	0	0	0	0	0
8927	0	0	0	0	0	0	0	0	0	0	0	0	0	0	0	0	0	0	0	0	0	0	0	0	0	0	0	0	0	0	0	0	0	0	0	0	0	0	0	0	0	0	0	0	0	0	0	0	0	0	0	0	0	0	0	0	0	0	0	0	0	0	0	0	0	0	0
8936	4.76	0	0	37.04	0	0	0	0	0	0	0	4.92	0	0	0	0	0	0	0	0	0	0	0	0	0	0	0	0	0	4.64	0	0	33.77	0	0	0	0	0	0	42.7	0	0	0	0	1.02	0	9.26	0	0	0	0	0	0	0	60.94	0	0	0	0	0	0	0	0	0	0	0	0
8976	21.74	0	1.22	11.08	0	26.87	18.5	81.14	0	0	23.93	37.32	4.94	252.39	0	70.59	6.04	0	0	0	4.05	0	0	0	0	0	81.94	0	9.6	0	8.81	0	31.11	14.92	45.45	0	84.97	18.43	0	18.42	40.44	0	7.93	0	6.59	24.47	6.42	7.34	81.21	0	63.9	0	0	0	8.43	0	11.04	0	0	0.77	55.15	67.25	25.79	1.97	11.82	0	1.44
9023	2.06	0	0	0	0	0	0	0	0	0	0	0	0	0	0	0	0	0	0	0	0	0	0	0	0	0	0	0	0	0	0	0	0	0	0	0	0	0	0	0	0	0	0	0	0	0	0	0	0	0	0	0	0	0	0	0	0	0	0	0	0	0	0	0	0	0	0
9060	32.55	0	0	0	0	0	0	0	0	0	0	0	0	0	0	0	0	0	0	96.43	0	0	12.68	0	0	0	0	0	0	0	0	0	0	0	0	0	0	0	0	1.22	0	0	9.19	0	0	0	0	0	0	0	0	0	0	31.43	0	87.85	0	0	0	0	0	0	0	0	0	0	0
9079	44.58	0	0	0	0	67.62	0	0	0	0	0	0	0	2967.28	0	0	0	0	0	7.69	83.61	0	46.5	0	0	0	0	0	0	0	0	4.5	0	0	255.12	0	0	70.38	0	0	0	19.9	0	0	0	0	0	28.56	0	0	5.1	0	111.63	1.37	0	144.55	0	0	0	0	553.98	0	0	8.06	0	0	0
90993	6.58	0	0	0	0	0	0	0	0	0	0	0	0	0	0	0	0	0	0	138.37	0	0	0	0	82.25	0	0	0	0	0	0	0	0	0	0	0	0	0	0	2.81	0	0	0	0	0	0	0	20.97	0	0	0	0	0	0	23.24	20.17	0	0	0	0	0	0	0	0	0	0	0
914	0	0	0	0	0	0	0	0	0	0	0	0	0	0	0	0	0	0	0	0	0	0	0	0	0	0	0	0	0	0	0	0	0	0	0	0	0	0	0	0	0	0	0	0	0	0	0	0	0	0	0	0	0	0	0	0	0	0	0	0	0	0	0	0	0	0	0
915	0	0	0	0	0	0	0	0	0	0	0	0	0	0	0	0	0	0	0	0	0	0	0	0	0	0	0	0	0	0	0	0	0	0	0	0	0	0	0	0	0	0	0	0	0	0	0	0	0	0	0	0	0	0	0	0	0	0	0	0	0	0	0	0	0	0	0
916	0	0	0	0	0	0	0	0	0	0	0	0	0	0	0	0	0	0	0	0	0	0	0	0	0	0	0	0	0	0	0	0	0	0	0	0	0	0	0	0	0	0	0	0	0	0	0	0	0	0	0	0	0	0	0	0	0	0	0	0	0	0	0	0	0	0	0
917	0	0	0	0	0	0	0	0	0	0	0	0	0	0	0	0	0	0	0	0	0	0	0	0	0	0	0	0	0	0	0	0	0	0	0	0	0	0	0	0	0	0	0	0	0	0	0	0	0	0	0	0	0	0	0	0	0	0	0	0	0	0	0	0	0	0	0
920	0	0	0	0	0	0	0	0	0	0	0	0	0	0	0	0	0	0	0	0	0	0	0.94	0	0	0	0	0	0	0	0	1.11	0	0	0	0	0	24.07	0	0	0	0	0	0	59.17	0	0	0	0	0	0	0	0	0	0	0	0	0	0	0	0	0	0	0	0	0	0
9246	145.05	0	0	0	2.33	4.34	306.79	0	0	0	177.62	86.4	284.93	0	0	0	0	229.6	0	0	454.06	0	129.22	4.91	2.77	0	440.71	0	0	130.62	0	0	19	0	0	194.86	115.19	0	3.99	13.97	27.76	461.57	0	0	0	0	0	0	0	197.67	0	153.95	0	149.05	0	15.37	61.14	0	13.69	25.72	64.03	0	0	14.53	0	0	92.16
9254	0	0	0	0	0	0	0	0	0	0	0	0	0	0	0	0	0	0	0	0	0	0	0	0	0	0	0	0	0	0	0	0	0	0	0	0	0	0	0	0	0	0	0	0	0	0	0	0	0	0	0	0	0	0	0	0	0	0	0	0	0	0	0	0	0	0	0
93	3.04	0	0	0.21	0.11	0	0	0	0	0	0	0	0	0	0.25	0	0	0	0	0	0	0	0	0	0	0	0	0	0	0	0	0	0	0	0	0	1.5	0	16.82	0	0	8.35	0	0	0	0	23.15	0	0	0	0	1.79	0	0	0	0	0.44	8.88	0	0	0	0	0	0	0	0.14	0
9358	20.78	0	0	0	0	0	0	0	0	0	0	0	0	0	0	0	0	0	0	0	0	0	0	0	265.34	0	0	0	0	0	0	0	0	0	0	0	0	0	0	0	0	0	0	0	0	0	0	0	0	0	210.62	0	0	0	0	0	0	0	0	0	0	0	0	0	0	0	0
9404	13.61	0	0	6.09	0	0	0	0	0	0	0	0	0	0	0	0	0	0	0	18.2	0	0	0	0	0	0	0	0	0	0	0	0	0	0	0	0	0	0	0	0	0	0	0	0	0	0	0	0	0	0	0	0	0	0	0	0	0	0	0	0	0	0	0	0	0	0	0
941	0	0	0	0	0	0	0	0	0	0	0	0	0	0	0	0	0	0	0	0	0	0	0	0	0	0	0	0	0	0	0	0	0	0	0	0	0	0	0	0	0	0	0	0	0	0	0	0	0	0	0	0	0	0	0	0	0	0	0	0	0	0	0	0	0	0	0
942	14.75	0	0	0	0	0	0	0	0	0	0	0	0	0	0	0	0	0	0	0	0	0	0	0	0	0	0	0	0	0	0	0	0	0	0	0	0	0	0	0	0	0	0	0	0	0	0	0	0	0	0	0	0	0	0	0	0	0	0	0	0	0	0	0	0	0	0
9450	0	0	0	0	0	0	0	0	0	0	0	0	0	0	0	0	0	0	0	0	0	0	0	0	0	0	0	0	0	0	0	0	0	0	0	0	0	0	0	0	0	0	0	0	0	0	0	0	0	0	0	0	0	0	0	0	0	0	0	0	0	0	0	0	0	0	0
9479	0	0	3.64	0	0	0	0	0	0	0	0	0	0	0	0	0	0	0	0	0	0	0	0	0	0	0	0	0	0	0	0	0	0	0	0	0	0	0	0	0	0	0	0	0	0	0	0	0	0	0	0	0	0	0	0	0	3.67	0	0	0	0	0	0	0	0	0	0
948	253.54	0	564.25	0	0	0	0	0	0	0	0	0	0	0	0	0	0	0	0	0	0	0	1251.19	0	0	0	0	0	0	0	0	0	0	0	0	0	0	2843.19	0	0	0	0	0	0	2.42	0	0	0	0	0	4.42	0	0	1145.7	0	0	0	0	0	0	0	7.02	0	0	0	453.95	0
9486	0	0	0	0	0	0	0	0	0	0	0	0	0	0	0	0	0	0	0	0	0	0	0	0	0	0	0	0	0	0	0	0	0	0	0	0	0	0	0	0	0	0	0	0	0	0	0	0	0	0	0	0	0	0	0	17.82	0	0	0	0	0	0	0	0	0	0	0
9509	8.79	0	0	0	0	0	0	0	0	0	0	0	0	0	0	0	0	0	0	8.53	0	85.04	0	0	0	0	0	0	40.82	0	0	53.26	0	0.38	0	0	0	21.77	0	0	0.52	0	14.74	0	0.77	9.01	0	0	0	0	0	0	0	0	0	71.78	0	0	0	0	0	0	0	0	0	0	3.31
951	0	0	0	0	0	0	0	0	0	0	76.53	0	0	0	0	0	0	0	0	0	0	0	0	0	0	0	17.12	0	0	0	0	0	0	0	32.45	0	71.87	0	0	0	0	0	0	0	0	0	0	0	86.91	0	337.97	0	0	0	45.37	0	0	0	0	0	0	0	0	0	0	12.41	109.25
952	5.56	0	0	0	0	0	0	0	0	0	0	0	0	0	0	0	0	0	0	0	0	0	0	0	0	0	0	0	0	0	0	0	0	0	0	0	0	0	0	0	0	0	0	0	0	0	0	0	0	0	0	0	0	0	0	0	0	0	0	0	0	0	0	0	0	0	0
9535	50.79	0	0	0	0	0	0	0	0	0	0	0	0	0	0	0	0	0	0	0	287.32	0	328.7	0	0	0	0	0	0	0	0	211.84	0	0	1068.77	0	0	802.89	0	0	0	0	0	0	0	0	0	148.31	0	0	0	0	412.24	0	0	0	0	0	0	0	0	0	0	0	0	65.95	0
9547	3.91	0	0	0	0	0	0	0	0	0	0	0	0	0	0	0	0	0	0	0	0	0	0	0	0	0	0	0	0	0	0	0	0	0	0	0	0	0	0	0	0	0	0	0	0	0	0	0	0	0	0	0	0	0	0	0	0	0	0	0	0	0	0	0	0	0	0
9610	0.6	0	0	0	0	0	0	0	0	0	0	0	0	0	0	0	0	0	0	0	0	0	0	0	0	0	0	0	0	0	0	0	0	0	0	0	0	0	0	0	0	0	0	0	0	0	0	6.25	0	0	0	0	0	0	0	0	0	0	0	0	0	0	0	0	0	0	0
962	0	0	0	0	0	0	0	0	0	0	0	0	0	0	0	0	0	0	0	0	0	0	0	0	0	0	0	0	0	0	0	0	0	0	0	0	0	0	0	0	0	0	0	0	0	0	0	0	0	0	0	0	0	0	0	0	0	0	0	0	0	0	0	0	0	0	0
963	10.76	0	0	0	0	0	0	0	0	0	0	0	0	0	0	0	0	0	0	0	0	0	0	0	0	0	0	0	0	0	0	0	0	0	0	0	0	0	0	0	0	0	0	0	0	0	0	0	0	0	0	0	0	0	0	0	0	0	0	0	0	0	0	0	0	0	0
969	84.45	0	0	0	0	0	0	0	0	0	0	0	0	0	0	0	0	0	0	0	0	0	0	0	0	0	0	0	0	350.06	0	0	0	0	0	0	0	0	0	0	0	292.84	0	0	0	66.36	0	0	0	0	0	0	0	0	0	0	0	0	0	0	0	0	302.84	0	0	0	0
971	7.1	0	0	0	0	0	0	0	0	0	0	0	0	0	0	0	0	0	0	0	0	0	0	0	0	0	0	0	0	0	0	0	0	0	0	0	1.22	4.47	0	0	3.8	0	0	0	0	0	0	0	0	0	0	0	0	0	0	0	0	0	0	0	0	0	0	0	0	5.34	0
972	727.2	53.72	0	288.51	1259.87	1647.77	2762.52	574.18	1559.14	429.73	115.49	618.21	592.63	0	558.59	102.05	469.91	286.31	574.89	228.86	53.84	0	5.59	118.69	0	0	1871.99	20.37	0	616.34	3062.65	0	0	1204.53	0	455.06	2734.2	0	781.29	0	1336.92	192.89	254.35	2.18	684.65	822.01	530.44	536.65	68.55	309.52	0	1443.2	5483.41	2.3	64.08	0	260.95	1380.4	0	153.84	1178.64	110.65	134.3	471.01	2128.14	713.99	435.61
9766	16.27	0	0	10.46	0	1.91	0	9.01	0	0	0.57	1.34	0	4.62	0	0	3.52	0	75.45	60.2	88.21	0	49.31	0.34	0	29.8	0	0	19.38	13.73	138.79	0	0	0	0	80.4	0	0	17.72	1.29	25.68	0	0.65	1.93	0	9.97	118.4	0	46.12	28.7	0	0	0	0.55	0.81	1.69	0	45.41	0	0	4.37	3.36	0	0	0	8.21	12.39
9830	4.33	0	0	1.16	0	0	2.48	0	0	0	0	10.21	0	0	0	0	0	0	0	0	0	0	0	0	0	3.12	0	0	0	0	5.48	0	0	0	0	0	107.28	0	0	0	0	0	0	0	0.6	0	0	0	0	0	0	0	0	0	0	0	32.96	0	0	0	0	0	0	0	0	0.77	0
9915	0.48	0	0	0	0	0	0	0	0	0	0	0	0	0	0	0	0	0	0	0	0	0	0	0	0	0	1.25	0	0	0	0	0	0	0	0	0	0	0	3.29	0	0	0	32.49	0	0	0	0	0	0	0	0	0	0	0	0	0	0	0	0	0	0	0	0	0	0	0	34.32
9945	52.23	0	0	0	0	0	0	0	0	0	0	0	0	0	0	0	0	0	0	0	0	0	0	0	0	0	0	0	0.62	2.26	0	0	30.35	0	0	0	0	0	0	73.61	0	0	0	0	0	0	0	0	67.64	0	0	0	0	0	0	106.68	0	0	0	0	0.5	0	28.51	0	0.41	0	0
